1,0.8949999999999999
"[0.7051260481795212, 0.36497038307946417, 0.9208095432267949, 0.09846226873228459, 0.1967986266061582, 0.600285268397361, 0.7710681582152121, 0.007505628573015621, 0.8512640847049275, 0.3311587659076498, 0.9398751876148894, 0.49387289735606277, 0.3206029017725809, 0.408262263422991, 0.4591358685494691]",0.9
1,0.8949999999999999
"[0.9785104742104538, 0.9848262941391772, 0.617247536664455, 0.44743113748747254, 0.35869763082928374, 0.2105516069971044, 0.146930459632446, 0.721132426390931, 0.8429842625374675, 0.08807212610169124, 0.780194283905602, 0.7994402381906819, 0.9594892626622125, 0.190464698496547, 0.4014409142277655]",0.85
1,0.8949999999999999
"[0.1295268654186873, 0.6000476072902304, 0.10875243224583087, 0.686951277484761, 0.30247923465072823, 0.16346359732632332, 0.770543959321213, 0.10021525423393796, 0.44832997468210667, 0.9928372145812517, 0.0749284956612789, 0.4005759669400928, 0.6590536576216585, 0.08036434951070304, 0.1809881160413116]",0.95
1,0.8949999999999999
"[0.6912205800967249, 0.9594772648955909, 0.48669253583955985, 0.037237246275046876, 0.4442355588708331, 0.23801384734333386, 0.23593589131708992, 0.9013519633599483, 0.06854784812462134, 0.48186139129346384, 0.06358059535134786, 0.5891880523071226, 0.6261110303783662, 0.6637430187740925, 0.5990366966682191]",0.8
1,0.8949999999999999
"[0.6643826558623148, 0.41996653540224815, 0.9888806168380176, 0.7875888130741641, 0.14975466736419285, 0.6542952133924851, 0.2215117385499502, 0.7070938792461595, 0.6964571529374912, 0.2855092827275636, 0.5272116116687775, 0.8274278821448199, 0.6229200142693234, 0.012724185939798627, 0.24162059634620547]",0.95
1,0.8949999999999999
"[0.962137419825627, 0.9601786734359977, 0.7613190139605034, 0.3226597400172869, 0.35867299484873605, 0.701483032593883, 0.689848446212125, 0.8049017430120082, 0.04893964949720986, 0.14233217279413146, 0.3746546540953627, 0.2156178105132106, 0.9755217235586833, 0.3987688678796101, 0.6940497586040545]",0.9
1,0.8949999999999999
"[0.2807850851988857, 0.18034247982250706, 0.6746633774292483, 0.17114647179863285, 0.16803106709978466, 0.7506975494389541, 0.872657059893731, 0.37470772760372406, 0.8637597622542356, 0.7392669297863497, 0.5424746602365814, 0.42742222914696115, 0.7920962710399971, 0.5330028385359498, 0.6254614029302591]",0.9
1,0.8949999999999999
"[0.04100377875487726, 0.5241876466309254, 0.9705400787908827, 0.8672138858948175, 0.2589443354153055, 0.6818651329801593, 0.862294412946594, 0.9715077243159492, 0.596278232135945, 0.9167854770500434, 0.2449136940362897, 0.5183606406926664, 0.5888101735495, 0.529740073072957, 0.2093382816622783]",0.95
1,0.8949999999999999
"[0.5156521937200468, 0.6466156673651646, 0.04058000116960492, 0.20960692976715178, 0.8366073047686605, 0.6224504476703957, 0.2760984095091169, 0.43730155421033456, 0.37009022874660347, 0.1405753706625612, 0.7654435347001464, 0.40948557337344127, 0.2598001877881696, 0.8954895975030563, 0.6296028546373954]",0.85
1,0.8949999999999999
2,0.9499999999999998
"[4.723960149035354, 0.6689930641435754, 56.032518373365185, 7.586163321786877, 1.7419882777984974, 14.354891757170577, -0.47390558686442796, 19.12088828700513, 1.3377832521329003, 2.926787457463433, 4.872880473092435, 1.5440007080770182, 21.668529288324116, 0.626145162305358, 2.0731917326639606]",0.95
2,0.9499999999999998
"[4.70818706166267, -0.044289576796809366, 52.12677651867943, 6.167297495733717, 0.8481638432786442, 13.177925086738439, -0.03749435442789341, 16.574815718955094, 1.848364556998565, 2.6297173023050004, 4.84958329409066, 1.3461901154667015, 20.157676704578563, 0.023130397393902158, 2.0727609864871672]",0.95
2,0.9499999999999998
"[4.70818706166267, -0.044289576796809366, 52.12677651867943, 6.167297495733717, 0.8481638432786442, 13.177925086738439, -0.03749435442789341, 16.574815718955094, 1.848364556998565, 2.6297173023050004, 4.84958329409066, 1.3461901154667015, 20.157676704578563, 0.023130397393902158, 2.0727609864871672]",0.95
2,0.9499999999999998
"[4.061825679130513, -0.37309894355040185, 55.1047264942385, 7.08898746783391, 0.8497627375786644, 13.912842848016894, 0.16075162267767043, 17.67839835506567, 2.540650101255981, 3.594813575983802, 5.025084983051548, 1.7656942853933164, 20.865468595836827, 0.2266712413231274, 1.7406449623690297]",0.95
2,0.9499999999999998
"[3.545861698151968, -0.3321956959315062, 36.43442042087477, 3.5620101222526754, 0.8041039930880962, 9.378737628042964, -0.2358586743484048, 11.62425731262256, 0.9458452322918798, 0.7131017402097828, 3.8160915295715374, 0.6883717535069445, 13.582240183745157, 0.40003492170300503, 1.6623632477088872]",0.95
2,0.9499999999999998
"[3.545861698151968, -0.3321956959315062, 36.43442042087477, 3.5620101222526754, 0.8041039930880962, 9.378737628042964, -0.2358586743484048, 11.62425731262256, 0.9458452322918798, 0.7131017402097828, 3.8160915295715374, 0.6883717535069445, 13.582240183745157, 0.40003492170300503, 1.6623632477088872]",0.95
2,0.9499999999999998
"[3.23171546483067, -0.34230130138921894, 47.277441110735204, 5.573697770213124, 1.2851469385946066, 12.006333605531156, 0.06009497526863784, 15.080635422845317, 1.8524898300537422, 2.9734971914444017, 4.505169325075382, 1.0575545474597172, 17.783047308361905, 0.9203154387262021, 1.7513460649122294]",0.95
2,0.9499999999999998
"[3.23171546483067, -0.34230130138921894, 47.277441110735204, 5.573697770213124, 1.2851469385946066, 12.006333605531156, 0.06009497526863784, 15.080635422845317, 1.8524898300537422, 2.9734971914444017, 4.505169325075382, 1.0575545474597172, 17.783047308361905, 0.9203154387262021, 1.7513460649122294]",0.95
2,0.9499999999999998
"[2.232835217922183, -0.416924770453462, 37.47781316275752, 4.09477445135269, 0.9209867123273169, 9.787359008652329, 0.3984830122055324, 11.79922209219709, 0.5649882599711018, 2.335954031476808, 3.007484449162723, 0.06212086884361967, 13.868404575808658, 0.8493065026715456, 1.4976645977881868]",0.95
2,0.9499999999999998
2,0.9499999999999998
"[4.708187062274769, -0.042645784005057134, 52.12677651867943, 6.167297495733817, 0.8500711128133356, 13.177925086738439, -0.03552123034479101, 16.574815718955094, 1.8485115144257038, 2.6299635034509325, 4.5051693252871425, 1.0575545474597172, 17.783047308361905, 0.9203154387262021, 1.7513460649122294]",0.95
2,0.9499999999999998
"[4.708187062274769, -0.042645784005057134, 52.12677651867943, 6.167297495733817, 0.8500711128133356, 13.177925086738439, -0.03552123034479101, 16.574815718955094, 1.8485115144257038, 2.6299635034509325, 4.5051693252871425, 1.0575545474597172, 17.783047308361905, 0.9203154387262021, 1.7513460649122294]",0.95
2,0.9499999999999998
"[4.708187062274769, -0.042645784005057134, 52.12677651867943, 6.167297495733817, 0.8500711128133356, 13.177925086738439, -0.03552123034479101, 16.574815718955094, 1.8485115144257038, 2.6299635034509325, 3.8160912571272174, 0.6883717535069445, 13.582240183745157, 0.40003492170300503, 1.6623632477088872]",0.95
2,0.9499999999999998
"[4.708187062274769, -0.042645784005057134, 52.12677651867943, 6.167297495733817, 0.8500711128133356, 13.177925086738439, -0.03552123034479101, 16.574815718955094, 1.8485115144257038, 2.6299635034509325, 3.8160912571272174, 0.6883717535069445, 13.582240183745157, 0.40003492170300503, 1.6623632477088872]",0.95
2,0.9499999999999998
"[4.70818706166267, -0.044289576796809366, 52.12677651867943, 6.167297495733717, 0.8481638432786442, 13.177925086738439, -0.03749435442789341, 16.574815718955094, 1.848364556998565, 2.6297173023050004, 5.025084983051548, 1.7656942853933164, 20.865468595836827, 0.2266712413231274, 1.7406449623690297]",0.95
2,0.9499999999999998
"[4.70818706166267, -0.044289576796809366, 52.12677651867943, 6.167297495733717, 0.8481638432786442, 13.177925086738439, -0.03749435442789341, 16.574815718955094, 1.848364556998565, 2.6297173023050004, 4.84958329409066, 1.3461901154667015, 20.157676704578563, 0.023130397393902158, 2.0727609864871672]",0.95
2,0.9499999999999998
"[4.70818706166267, -0.044289576796809366, 52.12677651867943, 6.167297495733717, 0.8481638432786442, 13.177925086738439, -0.03749435442789341, 16.574815718955094, 1.848364556998565, 2.6297173023050004, 4.84958329409066, 1.3461901154667015, 20.157676704578563, 0.023130397393902158, 2.0727609864871672]",0.95
2,0.9499999999999998
"[4.70818706166267, -0.044289576796809366, 52.12677651867943, 6.167297495733717, 0.8481638432786442, 13.177925086738439, -0.03749435442789341, 16.574815718955094, 1.848364556998565, 2.6297173023050004, 4.505169325075382, 1.0575545474597172, 17.783047308361905, 0.9203154387262021, 1.7513460649122294]",0.95
2,0.9499999999999998
"[4.70818706166267, -0.044289576796809366, 52.12677651867943, 6.167297495733717, 0.8481638432786442, 13.177925086738439, -0.03749435442789341, 16.574815718955094, 1.848364556998565, 2.6297173023050004, 4.505169325075382, 1.0575545474597172, 17.783047308361905, 0.9203154387262021, 1.7513460649122294]",0.95
2,0.9499999999999998
2,0.9499999999999998
"[4.708187062274769, -0.042645784005057134, 52.12677651867943, 6.167297495733817, 0.8500711128133356, 13.177925086738439, -0.03552123034479101, 16.574815718955094, 1.8485115144257038, 2.6299635034509325, 4.5051693252871425, 1.0575545474597172, 17.783047308361905, 0.9203154387262021, 1.7513460649122294]",0.95
2,0.9499999999999998
"[4.708187062274769, -0.042645784005057134, 52.12677651867943, 6.167297495733817, 0.8500711128133356, 13.177925086738439, -0.03552123034479101, 16.574815718955094, 1.8485115144257038, 2.6299635034509325, 4.5051693252871425, 1.0575545474597172, 17.783047308361905, 0.9203154387262021, 1.7513460649122294]",0.95
2,0.9499999999999998
"[4.708187062274769, -0.042645784005057134, 52.12677651867943, 6.167297495733817, 0.8500711128133356, 13.177925086738439, -0.03552123034479101, 16.574815718955094, 1.8485115144257038, 2.6299635034509325, 3.8160912571272174, 0.6883717535069445, 13.582240183745157, 0.40003492170300503, 1.6623632477088872]",0.95
2,0.9499999999999998
"[4.708187062274769, -0.042645784005057134, 52.12677651867943, 6.167297495733817, 0.8500711128133356, 13.177925086738439, -0.03552123034479101, 16.574815718955094, 1.8485115144257038, 2.6299635034509325, 3.8160912571272174, 0.6883717535069445, 13.582240183745157, 0.40003492170300503, 1.6623632477088872]",0.95
2,0.9499999999999998
"[4.708187062274769, -0.042645784005057134, 52.12677651867943, 6.167297495733817, 0.8500711128133356, 13.177925086738439, -0.03552123034479101, 16.574815718955094, 1.8485115144257038, 2.6299635034509325, 2.950444364706486, 0.14584260302234708, 8.097026873526623, 0.621740363710566, 1.3411088912848081]",0.95
2,0.9499999999999998
"[4.708187061737231, -0.0440893435167845, 52.12677651867943, 6.167297495733729, 0.8483961711223597, 13.177925086738439, -0.0372540047262534, 16.574815718955094, 1.8483824581402464, 2.6297472924979512, 5.067038652095509, 1.8008534896457404, 21.15472636313795, 0.11738355949571488, 1.7797970771117166]",0.95
2,0.9499999999999998
"[4.708187061737231, -0.0440893435167845, 52.12677651867943, 6.167297495733729, 0.8483961711223597, 13.177925086738439, -0.0372540047262534, 16.574815718955094, 1.8483824581402464, 2.6297472924979512, 2.9504443644340808, 0.14584260302234708, 8.097026873526623, 0.621740363710566, 1.3411088912848081]",0.95
2,0.9499999999999998
"[4.708187061737231, -0.0440893435167845, 52.12677651867943, 6.167297495733729, 0.8483961711223597, 13.177925086738439, -0.0372540047262534, 16.574815718955094, 1.8483824581402464, 2.6297472924979512, 2.9084906954264445, 0.11068339876992306, 7.8077691062255, 0.7310280455379785, 1.3019567765421212]",0.95
2,0.9499999999999998
"[4.70818706166267, -0.044289576796809366, 52.12677651867943, 6.167297495733717, 0.8481638432786442, 13.177925086738439, -0.03749435442789341, 16.574815718955094, 1.848364556998565, 2.6297173023050004, 5.025084983051548, 1.7656942853933164, 20.865468595836827, 0.2266712413231274, 1.7406449623690297]",0.95
2,0.9499999999999998
3,0.9499999999999998
"[48702354.357593834, 18.184277746452707, -58.11479359437354, 297730806730.1628, 14.683971195096122, -14.691727504951032, 15.149688998293122, -18.47883292703174, 200.79161272954406, 118.15067013717415, -2.4602590306395227, 0.3791431925169916, -3.835014886633617, -0.9575683704346991, -1.1330365544339605]",0.95
3,0.9499999999999998
"[42769842.02113119, 15.926198117126734, 1.1714624942059963e-10, 260843804132.4497, 13.726098586893034, 1.832972961190203e-09, 13.26797938819352, 1.158651185130691e-09, 178.14254219495774, 106.33325675978286, 0.1491687622178233, 0.06240550521710074, 0.03698738285686061, 0.1286197362631252, 0.07882597575490236]",0.95
3,0.9499999999999998
"[4.708187062274769, -0.042645784005057134, 52.12677651867943, 6.167297495733817, 0.8500711128133356, 13.177925086738439, -0.03552123034479101, 16.574815718955094, 1.8485115144257038, 2.6299635034509325, 4.849583294388861, 1.3461901154667015, 20.157676704578563, 0.023130397393902158, 2.0727609864871672]",0.95
3,0.9499999999999998
"[4.708187062274769, -0.042645784005057134, 52.12677651867943, 6.167297495733817, 0.8500711128133356, 13.177925086738439, -0.03552123034479101, 16.574815718955094, 1.8485115144257038, 2.6299635034509325, 4.5051693252871425, 1.0575545474597172, 17.783047308361905, 0.9203154387262021, 1.7513460649122294]",0.95
3,0.9499999999999998
"[4.708187062274769, -0.042645784005057134, 52.12677651867943, 6.167297495733817, 0.8500711128133356, 13.177925086738439, -0.03552123034479101, 16.574815718955094, 1.8485115144257038, 2.6299635034509325, 4.5051693252871425, 1.0575545474597172, 17.783047308361905, 0.9203154387262021, 1.7513460649122294]",0.95
3,0.9499999999999998
"[4.708187062274769, -0.042645784005057134, 52.12677651867943, 6.167297495733817, 0.8500711128133356, 13.177925086738439, -0.03552123034479101, 16.574815718955094, 1.8485115144257038, 2.6299635034509325, 3.8160912571272174, 0.6883717535069445, 13.582240183745157, 0.40003492170300503, 1.6623632477088872]",0.95
3,0.9499999999999998
"[4.708187062274769, -0.042645784005057134, 52.12677651867943, 6.167297495733817, 0.8500711128133356, 13.177925086738439, -0.03552123034479101, 16.574815718955094, 1.8485115144257038, 2.6299635034509325, 3.8160912571272174, 0.6883717535069445, 13.582240183745157, 0.40003492170300503, 1.6623632477088872]",0.95
3,0.9499999999999998
"[4.708187062274769, -0.042645784005057134, 52.12677651867943, 6.167297495733817, 0.8500711128133356, 13.177925086738439, -0.03552123034479101, 16.574815718955094, 1.8485115144257038, 2.6299635034509325, 2.950444364706486, 0.14584260302234708, 8.097026873526623, 0.621740363710566, 1.3411088912848081]",0.95
3,0.9499999999999998
"[4.708187061737231, -0.0440893435167845, 52.12677651867943, 6.167297495733729, 0.8483961711223597, 13.177925086738439, -0.0372540047262534, 16.574815718955094, 1.8483824581402464, 2.6297472924979512, 5.067038652095509, 1.8008534896457404, 21.15472636313795, 0.11738355949571488, 1.7797970771117166]",0.95
3,0.9499999999999998
3,0.9499999999999998
"[4.708187062274769, -0.042645784005057134, 52.12677651867943, 6.167297495733817, 0.8500711128133356, 13.177925086738439, -0.03552123034479101, 16.574815718955094, 1.8485115144257038, 2.6299635034509325, 4.849583294388861, 1.3461901154667015, 20.157676704578563, 0.023130397393902158, 2.0727609864871672]",0.95
3,0.9499999999999998
"[4.708187062274769, -0.042645784005057134, 52.12677651867943, 6.167297495733817, 0.8500711128133356, 13.177925086738439, -0.03552123034479101, 16.574815718955094, 1.8485115144257038, 2.6299635034509325, 4.849583294388861, 1.3461901154667015, 20.157676704578563, 0.023130397393902158, 2.0727609864871672]",0.95
3,0.9499999999999998
"[4.708187062274769, -0.042645784005057134, 52.12677651867943, 6.167297495733817, 0.8500711128133356, 13.177925086738439, -0.03552123034479101, 16.574815718955094, 1.8485115144257038, 2.6299635034509325, 4.5051693252871425, 1.0575545474597172, 17.783047308361905, 0.9203154387262021, 1.7513460649122294]",0.95
3,0.9499999999999998
"[4.708187062274769, -0.042645784005057134, 52.12677651867943, 6.167297495733817, 0.8500711128133356, 13.177925086738439, -0.03552123034479101, 16.574815718955094, 1.8485115144257038, 2.6299635034509325, 4.5051693252871425, 1.0575545474597172, 17.783047308361905, 0.9203154387262021, 1.7513460649122294]",0.95
3,0.9499999999999998
"[4.708187062274769, -0.042645784005057134, 52.12677651867943, 6.167297495733817, 0.8500711128133356, 13.177925086738439, -0.03552123034479101, 16.574815718955094, 1.8485115144257038, 2.6299635034509325, 4.5051693252871425, 1.0575545474597172, 17.783047308361905, 0.9203154387262021, 1.7513460649122294]",0.95
3,0.9499999999999998
"[4.708187062274769, -0.042645784005057134, 52.12677651867943, 6.167297495733817, 0.8500711128133356, 13.177925086738439, -0.03552123034479101, 16.574815718955094, 1.8485115144257038, 2.6299635034509325, 4.5051693252871425, 1.0575545474597172, 17.783047308361905, 0.9203154387262021, 1.7513460649122294]",0.95
3,0.9499999999999998
"[4.708187062274769, -0.042645784005057134, 52.12677651867943, 6.167297495733817, 0.8500711128133356, 13.177925086738439, -0.03552123034479101, 16.574815718955094, 1.8485115144257038, 2.6299635034509325, 3.8160912571272174, 0.6883717535069445, 13.582240183745157, 0.40003492170300503, 1.6623632477088872]",0.95
3,0.9499999999999998
"[4.708187062274769, -0.042645784005057134, 52.12677651867943, 6.167297495733817, 0.8500711128133356, 13.177925086738439, -0.03552123034479101, 16.574815718955094, 1.8485115144257038, 2.6299635034509325, 3.8160912571272174, 0.6883717535069445, 13.582240183745157, 0.40003492170300503, 1.6623632477088872]",0.95
3,0.9499999999999998
"[4.708187062274769, -0.042645784005057134, 52.12677651867943, 6.167297495733817, 0.8500711128133356, 13.177925086738439, -0.03552123034479101, 16.574815718955094, 1.8485115144257038, 2.6299635034509325, 3.8160912571272174, 0.6883717535069445, 13.582240183745157, 0.40003492170300503, 1.6623632477088872]",0.95
3,0.9499999999999998
3,0.9499999999999998
"[36357110.26961416, 13.531895993166707, 7.815672349744009, 221733967621.54822, 11.79552051122084, 1.9758433512653655, 11.273307764857517, 2.48515902225431, 151.70974751594184, 90.78441572641994, 0.6989718896274475, 0.15626028437875553, 2.067906324236441, 0.1693146017773188, 0.3162549766946994]",0.95
3,0.9499999999999998
"[21384923.364659123, 7.941776166560838, 26.06338825939829, 130421902069.30849, 7.288084849853184, 6.588962544285707, 6.616229078924364, 8.287407860056874, 89.99552685469172, 54.48161013161688, 2.3271690437524835, 0.559980026338409, 8.910017345609385, 0.5244675874946637, 0.915086020333566]",0.95
3,0.9499999999999998
"[21384923.364659123, 7.941776166560838, 26.06338825939829, 130421902069.30849, 7.288084849853184, 6.588962544285707, 6.616229078924364, 8.287407860056874, 89.99552685469172, 54.48161013161688, 1.4658839910416992, 0.04647944838214413, 3.521895522884307, 0.45277959113761657, 0.6653957423427549]",0.95
3,0.9499999999999998
"[4.708187062274769, -0.042645784005057134, 52.12677651867943, 6.167297495733817, 0.8500711128133356, 13.177925086738439, -0.03552123034479101, 16.574815718955094, 1.8485115144257038, 2.6299635034509325, 4.849583294388861, 1.3461901154667015, 20.157676704578563, 0.023130397393902158, 2.0727609864871672]",0.95
3,0.9499999999999998
"[4.708187062274769, -0.042645784005057134, 52.12677651867943, 6.167297495733817, 0.8500711128133356, 13.177925086738439, -0.03552123034479101, 16.574815718955094, 1.8485115144257038, 2.6299635034509325, 4.849583294388861, 1.3461901154667015, 20.157676704578563, 0.023130397393902158, 2.0727609864871672]",0.95
3,0.9499999999999998
"[4.708187062274769, -0.042645784005057134, 52.12677651867943, 6.167297495733817, 0.8500711128133356, 13.177925086738439, -0.03552123034479101, 16.574815718955094, 1.8485115144257038, 2.6299635034509325, 4.849583294388861, 1.3461901154667015, 20.157676704578563, 0.023130397393902158, 2.0727609864871672]",0.95
3,0.9499999999999998
"[4.708187062274769, -0.042645784005057134, 52.12677651867943, 6.167297495733817, 0.8500711128133356, 13.177925086738439, -0.03552123034479101, 16.574815718955094, 1.8485115144257038, 2.6299635034509325, 4.5051693252871425, 1.0575545474597172, 17.783047308361905, 0.9203154387262021, 1.7513460649122294]",0.95
3,0.9499999999999998
"[4.708187062274769, -0.042645784005057134, 52.12677651867943, 6.167297495733817, 0.8500711128133356, 13.177925086738439, -0.03552123034479101, 16.574815718955094, 1.8485115144257038, 2.6299635034509325, 4.5051693252871425, 1.0575545474597172, 17.783047308361905, 0.9203154387262021, 1.7513460649122294]",0.95
3,0.9499999999999998
"[4.708187062274769, -0.042645784005057134, 52.12677651867943, 6.167297495733817, 0.8500711128133356, 13.177925086738439, -0.03552123034479101, 16.574815718955094, 1.8485115144257038, 2.6299635034509325, 4.5051693252871425, 1.0575545474597172, 17.783047308361905, 0.9203154387262021, 1.7513460649122294]",0.95
3,0.9499999999999998
4,0.9499999999999998
"[36357110.26961416, 13.531895993166707, 7.815672349744009, 221733967621.54822, 11.79552051122084, 1.9758433512653655, 11.273307764857517, 2.48515902225431, 151.70974751594184, 90.78441572641994, 0.6989718896274475, 0.15626028437875553, 2.067906324236441, 0.1693146017773188, 0.3162549766946994]",0.95
4,0.9499999999999998
"[31455998.80072321, 11.799681481054973, -104.25320932138699, 191843234809.88876, 8.396406256482388, -26.354490564979365, 9.830612527371244, -33.14855047172696, 127.32187610664404, 72.9453463741069, -9.587382324884953, -2.645348839899696, -40.287842651769076, 1.3987258037077108, -4.085692979140246]",0.95
4,0.9499999999999998
"[21384923.364659123, 7.941776166560838, 26.06338825939829, 130421902069.30849, 7.288084849853184, 6.588962544285707, 6.616229078924364, 8.287407860056874, 89.99552685469172, 54.48161013161688, 2.3271690437524835, 0.559980026338409, 8.910017345609385, 0.5244675874946637, 0.915086020333566]",0.95
4,0.9499999999999998
"[21384923.364659123, 7.941776166560838, 26.06338825939829, 130421902069.30849, 7.288084849853184, 6.588962544285707, 6.616229078924364, 8.287407860056874, 89.99552685469172, 54.48161013161688, 1.4658839910416992, 0.04647944838214413, 3.521895522884307, 0.45277959113761657, 0.6653957423427549]",0.95
4,0.9499999999999998
"[13875404.729858939, 5.2329971535948605, -78.18947734620974, 84623066729.6381, 3.180703508883777, -19.764168415214183, 4.360379359309136, -24.86006164739461, 55.02052134629262, 30.55208428001968, -6.178882310757629, -0.21622199100123618, -23.643937817368936, -0.3146017472865717, -2.6426259345738576]",0.95
4,0.9499999999999998
"[7253777.839020669, 2.7661811951805158, -78.18982106211357, 44239229284.11705, 1.054237456826952, -19.765528022647377, 2.3048840327807616, -24.861142612905063, 27.44039154534353, 14.089396825112033, -7.073057117108312, -1.85042715064612, -29.042036815027473, -0.29162948773895353, -2.926079447643864]",0.95
4,0.9499999999999998
"[4.708187062274769, -0.042645784005057134, 52.12677651867943, 6.167297495733817, 0.8500711128133356, 13.177925086738439, -0.03552123034479101, 16.574815718955094, 1.8485115144257038, 2.6299635034509325, 4.849583294388861, 1.3461901154667015, 20.157676704578563, 0.023130397393902158, 2.0727609864871672]",0.95
4,0.9499999999999998
"[4.708187062274769, -0.042645784005057134, 52.12677651867943, 6.167297495733817, 0.8500711128133356, 13.177925086738439, -0.03552123034479101, 16.574815718955094, 1.8485115144257038, 2.6299635034509325, 4.849583294388861, 1.3461901154667015, 20.157676704578563, 0.023130397393902158, 2.0727609864871672]",0.95
4,0.9499999999999998
"[4.708187062274769, -0.042645784005057134, 52.12677651867943, 6.167297495733817, 0.8500711128133356, 13.177925086738439, -0.03552123034479101, 16.574815718955094, 1.8485115144257038, 2.6299635034509325, 4.849583294388861, 1.3461901154667015, 20.157676704578563, 0.023130397393902158, 2.0727609864871672]",0.95
4,0.9499999999999998
4,0.9499999999999998
"[36357110.26961416, 13.531895993166707, 7.815672349744009, 221733967621.54822, 11.79552051122084, 1.9758433512653655, 11.273307764857517, 2.48515902225431, 151.70974751594184, 90.78441572641994, 0.6989718896274475, 0.15626028437875553, 2.067906324236441, 0.1693146017773188, 0.3162549766946994]",0.95
4,0.9499999999999998
"[31383953.360138193, 13.531895993166707, 52.12677651867943, 8458145110.887375, 1.054237456826952, 11.020950916075858, 15.445507870765454, 20.44979140144679, -39.36673295565441, 82.08877969261849, -14.755601256010976, 0.4584643841196732, -11.704149590875653, 0.465430165073196, 2.0727609864871672]",0.95
4,0.9499999999999998
"[21384923.364659123, 7.941776166560838, 26.06338825939829, 130421902069.30849, 7.288084849853184, 6.588962544285707, 6.616229078924364, 8.287407860056874, 89.99552685469172, 54.48161013161688, 2.3271690437524835, 0.559980026338409, 8.910017345609385, 0.5244675874946637, 0.915086020333566]",0.95
4,0.9499999999999998
"[21384923.364659123, 7.941776166560838, 26.06338825939829, 130421902069.30849, 7.288084849853184, 6.588962544285707, 6.616229078924364, 8.287407860056874, 89.99552685469172, 54.48161013161688, 1.4658839910416992, 0.04647944838214413, 3.521895522884307, 0.45277959113761657, 0.6653957423427549]",0.95
4,0.9499999999999998
"[19357476.32677072, 1.0768674178125237, 28.534388508334118, 20513586925.25988, 8.396406256482388, -19.764168415214183, 9.095779282285584, -24.861142612905063, -42.63081227872256, 49.565693964028604, -6.435955907851403, 1.534958933083874, 8.135489248972481, -0.2031362612416287, 2.2360100988377947]",0.95
4,0.9499999999999998
"[10364149.752124852, -1.3092001738939227, -8.805864332151536, 69440023590.09793, 8.78527326632495, 6.588962544285707, 8.793757561496296, 20.44979140144679, 219.35778666503785, 107.75866042164691, 0.4542828091897988, 0.9275913504788852, -20.935729356102513, 1.80750613475015, 1.9560123273355448]",0.95
4,0.9499999999999998
"[10364149.752124852, -1.3092001738939227, -8.805864332151536, 69440023590.09793, 8.78527326632495, 6.588962544285707, 8.793757561496296, 20.44979140144679, 219.35778666503785, 107.75866042164691, 0.4542828091897988, 0.9275913504788852, -20.935729356102513, 1.80750613475015, 1.9560123273355448]",0.95
4,0.9499999999999998
"[10364149.752124852, -1.3092001738939227, -8.805864332151536, 69440023590.09793, 8.78527326632495, 6.588962544285707, 8.793757561496296, 20.44979140144679, 219.35778666503785, 107.75866042164691, 0.4542828091897988, 0.9275913504788852, -20.935729356102513, 1.80750613475015, 1.9560123273355448]",0.95
4,0.9499999999999998
"[2291636.5528466864, 0.9623253293238412, 20.002232662397795, 40721010985.88158, 6.769862678072184, -16.684065337942297, 5.113267247069813, 2.48515902225431, 31.327455381267207, 30.55208428001968, 7.495387974878508, 3.2125295850700955, 27.939932337835266, 0.08216781981536986, -0.7045943253278515]",0.95
4,0.9499999999999998
4,0.9499999999999998
"[36357110.26961416, 13.531895993166707, 7.815672349744009, 221733967621.54822, 11.79552051122084, 1.9758433512653655, 11.273307764857517, 2.48515902225431, 151.70974751594184, 90.78441572641994, 0.6989718896274475, 0.15626028437875553, 2.067906324236441, 0.1693146017773188, 0.3162549766946994]",0.95
4,0.9499999999999998
"[31383953.360138193, 13.531895993166707, 52.12677651867943, 8458145110.887375, 1.054237456826952, 11.020950916075858, 15.445507870765454, 20.44979140144679, -39.36673295565441, 82.08877969261849, -14.755601256010976, 0.4584643841196732, -11.704149590875653, 0.465430165073196, 2.0727609864871672]",0.95
4,0.9499999999999998
"[21384923.364659123, 7.941776166560838, 26.06338825939829, 130421902069.30849, 7.288084849853184, 6.588962544285707, 6.616229078924364, 8.287407860056874, 89.99552685469172, 54.48161013161688, 2.3271690437524835, 0.559980026338409, 8.910017345609385, 0.5244675874946637, 0.915086020333566]",0.95
4,0.9499999999999998
"[21384923.364659123, 7.941776166560838, 26.06338825939829, 130421902069.30849, 7.288084849853184, 6.588962544285707, 6.616229078924364, 8.287407860056874, 89.99552685469172, 54.48161013161688, 1.4658839910416992, 0.04647944838214413, 3.521895522884307, 0.45277959113761657, 0.6653957423427549]",0.95
4,0.9499999999999998
"[19357476.32677072, 1.0768674178125237, 28.534388508334118, 20513586925.25988, 8.396406256482388, -19.764168415214183, 9.095779282285584, -24.861142612905063, -42.63081227872256, 49.565693964028604, -6.435955907851403, 1.534958933083874, 8.135489248972481, -0.2031362612416287, 2.2360100988377947]",0.95
4,0.9499999999999998
"[15288116.811591323, 8.382873412854146, 28.313001003345555, 116867983001.60661, 8.274986300520126, -18.990624934452462, 6.353042348750422, -6.497157167341918, -2.4965641932807543, 22.064961932406206, 7.617732515097332, 2.826864052020031, 39.441750178004725, -0.7369279466710446, -1.524473000648273]",0.95
4,0.9499999999999998
"[10364149.752124852, -1.3092001738939227, -8.805864332151536, 69440023590.09793, 8.78527326632495, 6.588962544285707, 8.793757561496296, 20.44979140144679, 219.35778666503785, 107.75866042164691, 0.4542828091897988, 0.9275913504788852, -20.935729356102513, 1.80750613475015, 1.9560123273355448]",0.95
4,0.9499999999999998
"[10364149.752124852, -1.3092001738939227, -8.805864332151536, 69440023590.09793, 8.78527326632495, 6.588962544285707, 8.793757561496296, 20.44979140144679, 219.35778666503785, 107.75866042164691, 0.4542828091897988, 0.9275913504788852, -20.935729356102513, 1.80750613475015, 1.9560123273355448]",0.95
4,0.9499999999999998
"[10364149.752124852, -1.3092001738939227, -8.805864332151536, 69440023590.09793, 8.78527326632495, 6.588962544285707, 8.793757561496296, 20.44979140144679, 219.35778666503785, 107.75866042164691, 0.4542828091897988, 0.9275913504788852, -20.935729356102513, 1.80750613475015, 1.9560123273355448]",0.95
4,0.9499999999999998
5,0.9499999999999998
"[36357110.26961416, 13.531895993166707, 7.815672349744009, 221733967621.54822, 11.79552051122084, 1.9758433512653655, 11.273307764857517, 2.48515902225431, 151.70974751594184, 90.78441572641994, 0.6989718896274475, 0.15626028437875553, 2.067906324236441, 0.1693146017773188, 0.3162549766946994]",0.95
5,0.9499999999999998
"[31383953.360138193, 13.531895993166707, 52.12677651867943, 8458145110.887375, 1.054237456826952, 11.020950916075858, 15.445507870765454, 20.44979140144679, -39.36673295565441, 82.08877969261849, -14.755601256010976, 0.4584643841196732, -11.704149590875653, 0.465430165073196, 2.0727609864871672]",0.95
5,0.9499999999999998
"[21384923.364659123, 7.941776166560838, 26.06338825939829, 130421902069.30849, 7.288084849853184, 6.588962544285707, 6.616229078924364, 8.287407860056874, 89.99552685469172, 54.48161013161688, 2.3271690437524835, 0.559980026338409, 8.910017345609385, 0.5244675874946637, 0.915086020333566]",0.95
5,0.9499999999999998
"[21384923.364659123, 7.941776166560838, 26.06338825939829, 130421902069.30849, 7.288084849853184, 6.588962544285707, 6.616229078924364, 8.287407860056874, 89.99552685469172, 54.48161013161688, 1.4658839910416992, 0.04647944838214413, 3.521895522884307, 0.45277959113761657, 0.6653957423427549]",0.95
5,0.9499999999999998
"[19357476.32677072, 1.0768674178125237, 28.534388508334118, 20513586925.25988, 8.396406256482388, -19.764168415214183, 9.095779282285584, -24.861142612905063, -42.63081227872256, 49.565693964028604, -6.435955907851403, 1.534958933083874, 8.135489248972481, -0.2031362612416287, 2.2360100988377947]",0.95
5,0.9499999999999998
"[15288116.811591323, 8.382873412854146, 28.313001003345555, 116867983001.60661, 8.274986300520126, -18.990624934452462, 6.353042348750422, -6.497157167341918, -2.4965641932807543, 22.064961932406206, 7.617732515097332, 2.826864052020031, 39.441750178004725, -0.7369279466710446, -1.524473000648273]",0.95
5,0.9499999999999998
"[10364149.752124852, -1.3092001738939227, -8.805864332151536, 69440023590.09793, 8.78527326632495, 6.588962544285707, 8.793757561496296, 20.44979140144679, 219.35778666503785, 107.75866042164691, 0.4542828091897988, 0.9275913504788852, -20.935729356102513, 1.80750613475015, 1.9560123273355448]",0.95
5,0.9499999999999998
"[10364149.752124852, -1.3092001738939227, -8.805864332151536, 69440023590.09793, 8.78527326632495, 6.588962544285707, 8.793757561496296, 20.44979140144679, 219.35778666503785, 107.75866042164691, 0.4542828091897988, 0.9275913504788852, -20.935729356102513, 1.80750613475015, 1.9560123273355448]",0.95
5,0.9499999999999998
"[10364149.752124852, -1.3092001738939227, -8.805864332151536, 69440023590.09793, 8.78527326632495, 6.588962544285707, 8.793757561496296, 20.44979140144679, 219.35778666503785, 107.75866042164691, 0.4542828091897988, 0.9275913504788852, -20.935729356102513, 1.80750613475015, 1.9560123273355448]",0.95
5,0.9499999999999998
5,0.9499999999999998
"[42108925.26972903, 9.713135780316609, 28.313001003345555, 223135363220.63712, 14.955263944753431, 12.63952828368218, 9.477571490327255, 24.1865394885098, 192.99992342837467, 139.4932835409689, 10.997742767218185, 0.3742900058693279, 39.441750178004725, 0.49844251562019787, -0.07301398578485699]",0.95
5,0.9499999999999998
"[36357110.26961416, 13.531895993166707, 7.815672349744009, 221733967621.54822, 11.79552051122084, 1.9758433512653655, 11.273307764857517, 2.48515902225431, 151.70974751594184, 90.78441572641994, 0.6989718896274475, 0.15626028437875553, 2.067906324236441, 0.1693146017773188, 0.3162549766946994]",0.95
5,0.9499999999999998
"[31383953.360138193, 13.531895993166707, 52.12677651867943, 8458145110.887375, 1.054237456826952, 11.020950916075858, 15.445507870765454, 20.44979140144679, -39.36673295565441, 82.08877969261849, -14.755601256010976, 0.4584643841196732, -11.704149590875653, 0.465430165073196, 2.0727609864871672]",0.95
5,0.9499999999999998
"[21384923.364659123, 7.941776166560838, 26.06338825939829, 130421902069.30849, 7.288084849853184, 6.588962544285707, 6.616229078924364, 8.287407860056874, 89.99552685469172, 54.48161013161688, 2.3271690437524835, 0.559980026338409, 8.910017345609385, 0.5244675874946637, 0.915086020333566]",0.95
5,0.9499999999999998
"[21384923.364659123, 7.941776166560838, 26.06338825939829, 130421902069.30849, 7.288084849853184, 6.588962544285707, 6.616229078924364, 8.287407860056874, 89.99552685469172, 54.48161013161688, 1.4658839910416992, 0.04647944838214413, 3.521895522884307, 0.45277959113761657, 0.6653957423427549]",0.95
5,0.9499999999999998
"[19357476.32677072, 1.0768674178125237, 28.534388508334118, 20513586925.25988, 8.396406256482388, -19.764168415214183, 9.095779282285584, -24.861142612905063, -42.63081227872256, 49.565693964028604, -6.435955907851403, 1.534958933083874, 8.135489248972481, -0.2031362612416287, 2.2360100988377947]",0.95
5,0.9499999999999998
"[15288116.811591323, 8.382873412854146, 28.313001003345555, 116867983001.60661, 8.274986300520126, -18.990624934452462, 6.353042348750422, -6.497157167341918, -2.4965641932807543, 22.064961932406206, 7.617732515097332, 2.826864052020031, 39.441750178004725, -0.7369279466710446, -1.524473000648273]",0.95
5,0.9499999999999998
"[13808913.73841634, 7.27511647259205, 26.06338825939829, 252064969750.3857, 8.458935906712796, -16.35858957063189, 7.534899597976047, -8.945632830436665, 219.35778666503785, 87.02765200930841, 0.6989718896274475, 2.4422239903894347, 34.776595755955626, 0.18029643612782387, -1.9095757190035114]",0.95
5,0.9499999999999998
"[10364149.752124852, -1.3092001738939227, -8.805864332151536, 69440023590.09793, 8.78527326632495, 6.588962544285707, 8.793757561496296, 20.44979140144679, 219.35778666503785, 107.75866042164691, 0.4542828091897988, 0.9275913504788852, -20.935729356102513, 1.80750613475015, 1.9560123273355448]",0.95
5,0.9499999999999998
5,0.9499999999999998
"[42769842.02113119, 15.926198117126734, 1.1714624942059963e-10, 260843804132.4497, 13.726098586893034, 1.832972961190203e-09, 13.26797938819352, 1.158651185130691e-09, 178.14254219495774, 106.33325675978286, 0.1491687622178233, 0.06240550521710074, 0.03698738285686061, 0.1286197362631252, 0.07882597575490236]",0.95
5,0.9499999999999998
"[42108925.26972903, 9.713135780316609, 28.313001003345555, 223135363220.63712, 14.955263944753431, 12.63952828368218, 9.477571490327255, 24.1865394885098, 192.99992342837467, 139.4932835409689, 10.997742767218185, 0.3742900058693279, 39.441750178004725, 0.49844251562019787, -0.07301398578485699]",0.95
5,0.9499999999999998
"[36357110.26961416, 13.531895993166707, 7.815672349744009, 221733967621.54822, 11.79552051122084, 1.9758433512653655, 11.273307764857517, 2.48515902225431, 151.70974751594184, 90.78441572641994, 0.6989718896274475, 0.15626028437875553, 2.067906324236441, 0.1693146017773188, 0.3162549766946994]",0.95
5,0.9499999999999998
"[31894825.16866579, 15.362324250091152, 56.52970868481377, 99930962829.70322, 3.4225669451041854, 8.804956730180782, 9.942104233558942, 8.287407860056874, -39.366732955654385, 41.64666976710267, -5.277772988847904, 0.3254165431588031, 13.525807228222813, -0.14657039734381316, 0.9734603499093772]",0.95
5,0.9499999999999998
"[31383953.360138193, 13.531895993166707, 52.12677651867943, 8458145110.887375, 1.054237456826952, 11.020950916075858, 15.445507870765454, 20.44979140144679, -39.36673295565441, 82.08877969261849, -14.755601256010976, 0.4584643841196732, -11.704149590875653, 0.465430165073196, 2.0727609864871672]",0.95
5,0.9499999999999998
"[21384923.364659123, 7.941776166560838, 26.06338825939829, 130421902069.30849, 7.288084849853184, 6.588962544285707, 6.616229078924364, 8.287407860056874, 89.99552685469172, 54.48161013161688, 2.3271690437524835, 0.559980026338409, 8.910017345609385, 0.5244675874946637, 0.915086020333566]",0.95
5,0.9499999999999998
"[21384923.364659123, 7.941776166560838, 26.06338825939829, 130421902069.30849, 7.288084849853184, 6.588962544285707, 6.616229078924364, 8.287407860056874, 89.99552685469172, 54.48161013161688, 1.8965265173970913, 0.30322973736027653, 6.215956434246845, 0.48862358931614014, 0.7902408813381604]",0.95
5,0.9499999999999998
"[21384923.364659123, 7.941776166560838, 26.06338825939829, 130421902069.30849, 7.288084849853184, 6.588962544285707, 6.616229078924364, 8.287407860056874, 89.99552685469172, 54.48161013161688, 1.4658839910416992, 0.04647944838214413, 3.521895522884307, 0.45277959113761657, 0.6653957423427549]",0.95
5,0.9499999999999998
"[19357476.32677072, 1.0768674178125237, 28.534388508334118, 20513586925.25988, 8.396406256482388, -19.764168415214183, 9.095779282285584, -24.861142612905063, -42.63081227872256, 49.565693964028604, -6.435955907851403, 1.534958933083874, 8.135489248972481, -0.2031362612416287, 2.2360100988377947]",0.95
5,0.9499999999999998
6,0.9499999999999998
"[42769842.02113119, 15.926198117126734, 1.1714624942059963e-10, 260843804132.4497, 13.726098586893034, 1.832972961190203e-09, 13.26797938819352, 1.158651185130691e-09, 178.14254219495774, 106.33325675978286, 0.1491687622178233, 0.06240550521710074, 0.03698738285686061, 0.1286197362631252, 0.07882597575490236]",0.95
6,0.9499999999999998
"[42108925.26972903, 9.713135780316609, 28.313001003345555, 223135363220.63712, 14.955263944753431, 12.63952828368218, 9.477571490327255, 24.1865394885098, 192.99992342837467, 139.4932835409689, 10.997742767218185, 0.3742900058693279, 39.441750178004725, 0.49844251562019787, -0.07301398578485699]",0.95
6,0.9499999999999998
"[36357110.26961416, 13.531895993166707, 7.815672349744009, 221733967621.54822, 11.79552051122084, 1.9758433512653655, 11.273307764857517, 2.48515902225431, 151.70974751594184, 90.78441572641994, 0.6989718896274475, 0.15626028437875553, 2.067906324236441, 0.1693146017773188, 0.3162549766946994]",0.95
6,0.9499999999999998
"[31894825.16866579, 15.362324250091152, 56.52970868481377, 99930962829.70322, 3.4225669451041854, 8.804956730180782, 9.942104233558942, 8.287407860056874, -39.366732955654385, 41.64666976710267, -5.277772988847904, 0.3254165431588031, 13.525807228222813, -0.14657039734381316, 0.9734603499093772]",0.95
6,0.9499999999999998
"[31383953.360138193, 13.531895993166707, 52.12677651867943, 8458145110.887375, 1.054237456826952, 11.020950916075858, 15.445507870765454, 20.44979140144679, -39.36673295565441, 82.08877969261849, -14.755601256010976, 0.4584643841196732, -11.704149590875653, 0.465430165073196, 2.0727609864871672]",0.95
6,0.9499999999999998
"[21384923.364659123, 7.941776166560838, 26.06338825939829, 130421902069.30849, 7.288084849853184, 6.588962544285707, 6.616229078924364, 8.287407860056874, 89.99552685469172, 54.48161013161688, 2.3271690437524835, 0.559980026338409, 8.910017345609385, 0.5244675874946637, 0.915086020333566]",0.95
6,0.9499999999999998
"[21384923.364659123, 7.941776166560838, 26.06338825939829, 130421902069.30849, 7.288084849853184, 6.588962544285707, 6.616229078924364, 8.287407860056874, 89.99552685469172, 54.48161013161688, 1.8965265173970913, 0.30322973736027653, 6.215956434246845, 0.48862358931614014, 0.7902408813381604]",0.95
6,0.9499999999999998
"[21384923.364659123, 7.941776166560838, 26.06338825939829, 130421902069.30849, 7.288084849853184, 6.588962544285707, 6.616229078924364, 8.287407860056874, 89.99552685469172, 54.48161013161688, 1.4658839910416992, 0.04647944838214413, 3.521895522884307, 0.45277959113761657, 0.6653957423427549]",0.95
6,0.9499999999999998
"[19357476.32677072, 1.0768674178125237, 28.534388508334118, 20513586925.25988, 8.396406256482388, -19.764168415214183, 9.095779282285584, -24.861142612905063, -42.63081227872256, 49.565693964028604, -6.435955907851403, 1.534958933083874, 8.135489248972481, -0.2031362612416287, 2.2360100988377947]",0.95
6,0.9499999999999998
6,0.9499999999999998
"[42769842.02113119, 15.926198117126734, 1.1714624942059963e-10, 260843804132.4497, 13.726098586893034, 1.832972961190203e-09, 13.26797938819352, 1.158651185130691e-09, 178.14254219495774, 106.33325675978286, 0.1491687622178233, 0.06240550521710074, 0.03698738285686061, 0.1286197362631252, 0.07882597575490236]",0.95
6,0.9499999999999998
"[42108925.26972903, 9.713135780316609, 28.313001003345555, 223135363220.63712, 14.955263944753431, 12.63952828368218, 9.477571490327255, 24.1865394885098, 192.99992342837467, 139.4932835409689, 10.997742767218185, 0.3742900058693279, 39.441750178004725, 0.49844251562019787, -0.07301398578485699]",0.95
6,0.9499999999999998
"[41194817.30809144, -3.5734947684105385, 53.77028116294487, 222154716870.86502, 14.820242409934801, -22.594214315497567, 13.981533499802463, 21.278715103616136, 176.76842701610423, 53.51332236977172, 3.503130647559084, 0.14624062417289985, -10.75692759175175, 0.5925051130424874, 2.4883200064386415]",0.95
6,0.9499999999999998
"[36357110.26961416, 13.531895993166707, 7.815672349744009, 221733967621.54822, 11.79552051122084, 1.9758433512653655, 11.273307764857517, 2.48515902225431, 151.70974751594184, 90.78441572641994, 0.6989718896274475, 0.15626028437875553, 2.067906324236441, 0.1693146017773188, 0.3162549766946994]",0.95
6,0.9499999999999998
"[36357110.26961416, 13.531895993166707, 7.815672349744009, 221733967621.54822, 11.79552051122084, 1.9758433512653655, 11.273307764857517, 2.48515902225431, 151.70974751594184, 90.78441572641994, 0.6989718896274475, 0.15626028437875553, 2.067906324236441, 0.1693146017773188, 0.3162549766946994]",0.95
6,0.9499999999999998
"[31894825.16866579, 15.362324250091152, 56.52970868481377, 99930962829.70322, 3.4225669451041854, 8.804956730180782, 9.942104233558942, 8.287407860056874, -39.366732955654385, 41.64666976710267, -5.277772988847904, 0.3254165431588031, 13.525807228222813, -0.14657039734381316, 0.9734603499093772]",0.95
6,0.9499999999999998
"[31894825.16866579, 15.362324250091152, 56.52970868481377, 99930962829.70322, 3.4225669451041854, 8.804956730180782, 9.942104233558942, 8.287407860056874, -39.366732955654385, 41.64666976710267, -5.277772988847904, 0.3254165431588031, 13.525807228222813, -0.14657039734381316, 0.9734603499093772]",0.95
6,0.9499999999999998
"[31383953.360138193, 13.531895993166707, 52.12677651867943, 8458145110.887375, 1.054237456826952, 11.020950916075858, 15.445507870765454, 20.44979140144679, -39.36673295565441, 82.08877969261849, -14.755601256010976, 0.4584643841196732, -11.704149590875653, 0.465430165073196, 2.0727609864871672]",0.95
6,0.9499999999999998
"[31383953.360138193, 13.531895993166707, 52.12677651867943, 8458145110.887375, 1.054237456826952, 11.020950916075858, 15.445507870765454, 20.44979140144679, -39.36673295565441, 82.08877969261849, -14.755601256010976, 0.4584643841196732, -11.704149590875653, 0.465430165073196, 2.0727609864871672]",0.95
6,0.9499999999999998
6,0.9499999999999998
"[42769842.02113119, 15.926198117126734, 1.1714624942059963e-10, 260843804132.4497, 13.726098586893034, 1.832972961190203e-09, 13.26797938819352, 1.158651185130691e-09, 178.14254219495774, 106.33325675978286, 0.1491687622178233, 0.06240550521710074, 0.03698738285686061, 0.1286197362631252, 0.07882597575490236]",0.95
6,0.9499999999999998
"[42108925.26972903, 9.713135780316609, 28.313001003345555, 223135363220.63712, 14.955263944753431, 12.63952828368218, 9.477571490327255, 24.1865394885098, 192.99992342837467, 139.4932835409689, 10.997742767218185, 0.3742900058693279, 39.441750178004725, 0.49844251562019787, -0.07301398578485699]",0.95
6,0.9499999999999998
"[41194817.30809144, -3.5734947684105385, 53.77028116294487, 222154716870.86502, 14.820242409934801, -22.594214315497567, 13.981533499802463, 21.278715103616136, 176.76842701610423, 53.51332236977172, 3.503130647559084, 0.14624062417289985, -10.75692759175175, 0.5925051130424874, 2.4883200064386415]",0.95
6,0.9499999999999998
"[38231977.27370336, -41.91988192351853, 78.64253653401893, 368366926134.25, 32.17402793822315, -90.59089396631849, 8.431911938740472, 3.1425449833431145, 342.07878104180435, -35.5276896091931, 26.89885913271408, 0.8091375484237437, -2.9462367152759503, 0.5318465967561731, 4.824038097719752]",0.95
6,0.9499999999999998
"[36696365.5055937, 1.349385294327318, -24.884194798039182, 421173043933.9918, 28.74457626485559, -12.632142004617899, 0.6054638437995052, -17.899321225186437, 367.3499096628425, 121.11284396172651, 31.447952113579433, 0.731274522780468, 65.53219888640601, -0.1513159948307089, -1.6038416917792402]",0.95
6,0.9499999999999998
"[36357110.26961416, 13.531895993166707, 7.815672349744009, 221733967621.54822, 11.79552051122084, 1.9758433512653655, 11.273307764857517, 2.48515902225431, 151.70974751594184, 90.78441572641994, 0.6989718896274475, 0.15626028437875553, 2.067906324236441, 0.1693146017773188, 0.3162549766946994]",0.95
6,0.9499999999999998
"[36357110.26961416, 13.531895993166707, 7.815672349744009, 221733967621.54822, 11.79552051122084, 1.9758433512653655, 11.273307764857517, 2.48515902225431, 151.70974751594184, 90.78441572641994, 0.6989718896274475, 0.15626028437875553, 2.067906324236441, 0.1693146017773188, 0.3162549766946994]",0.95
6,0.9499999999999998
"[35505504.940233335, 12.592810856834518, 4.015664146058413, 233510779551.1852, 12.817042893709395, -0.41810218429574064, 10.4817466127897, -1.3592814546273573, 161.91554014130614, 88.29422340088908, 2.237245069936762, 0.21116257571176883, 4.321977529197115, 0.11088081833134655, 0.23051119128028974]",0.95
6,0.9499999999999998
"[34222067.99929197, -14.100766094580585, 25.738785295144293, 327095459835.5527, 24.300773991992475, -47.023017070182476, 7.274213490567448, -10.583886008566722, 270.83349009750503, 26.620869209938093, 17.558089722866544, 0.6339482249072169, 7.696342212824618, 0.1256036707708611, 1.99938899627108]",0.95
6,0.9499999999999998
7,0.9499999999999998
"[42769842.02113119, 15.926198117126734, 1.1714624942059963e-10, 260843804132.4497, 13.726098586893034, 1.832972961190203e-09, 13.26797938819352, 1.158651185130691e-09, 178.14254219495774, 106.33325675978286, 0.1491687622178233, 0.06240550521710074, 0.03698738285686061, 0.1286197362631252, 0.07882597575490236]",0.95
7,0.9499999999999998
"[42108925.26972903, 9.713135780316609, 28.313001003345555, 223135363220.63712, 14.955263944753431, 12.63952828368218, 9.477571490327255, 24.1865394885098, 192.99992342837467, 139.4932835409689, 10.997742767218185, 0.3742900058693279, 39.441750178004725, 0.49844251562019787, -0.07301398578485699]",0.95
7,0.9499999999999998
"[41194817.30809144, -3.5734947684105385, 53.77028116294487, 222154716870.86502, 14.820242409934801, -22.594214315497567, 13.981533499802463, 21.278715103616136, 176.76842701610423, 53.51332236977172, 3.503130647559084, 0.14624062417289985, -10.75692759175175, 0.5925051130424874, 2.4883200064386415]",0.95
7,0.9499999999999998
"[38231977.27370336, -41.91988192351853, 78.64253653401893, 368366926134.25, 32.17402793822315, -90.59089396631849, 8.431911938740472, 3.1425449833431145, 342.07878104180435, -35.5276896091931, 26.89885913271408, 0.8091375484237437, -2.9462367152759503, 0.5318465967561731, 4.824038097719752]",0.95
7,0.9499999999999998
"[36696365.5055937, 1.349385294327318, -24.884194798039182, 421173043933.9918, 28.74457626485559, -12.632142004617899, 0.6054638437995052, -17.899321225186437, 367.3499096628425, 121.11284396172651, 31.447952113579433, 0.731274522780468, 65.53219888640601, -0.1513159948307089, -1.6038416917792402]",0.95
7,0.9499999999999998
"[36357110.26961416, 13.531895993166707, 7.815672349744009, 221733967621.54822, 11.79552051122084, 1.9758433512653655, 11.273307764857517, 2.48515902225431, 151.70974751594184, 90.78441572641994, 0.6989718896274475, 0.15626028437875553, 2.067906324236441, 0.1693146017773188, 0.3162549766946994]",0.95
7,0.9499999999999998
"[36357110.26961416, 13.531895993166707, 7.815672349744009, 221733967621.54822, 11.79552051122084, 1.9758433512653655, 11.273307764857517, 2.48515902225431, 151.70974751594184, 90.78441572641994, 0.6989718896274475, 0.15626028437875553, 2.067906324236441, 0.1693146017773188, 0.3162549766946994]",0.95
7,0.9499999999999998
"[35505504.940233335, 12.592810856834518, 4.015664146058413, 233510779551.1852, 12.817042893709395, -0.41810218429574064, 10.4817466127897, -1.3592814546273573, 161.91554014130614, 88.29422340088908, 2.237245069936762, 0.21116257571176883, 4.321977529197115, 0.11088081833134655, 0.23051119128028974]",0.95
7,0.9499999999999998
"[34222067.99929197, -14.100766094580585, 25.738785295144293, 327095459835.5527, 24.300773991992475, -47.023017070182476, 7.274213490567448, -10.583886008566722, 270.83349009750503, 26.620869209938093, 17.558089722866544, 0.6339482249072169, 7.696342212824618, 0.1256036707708611, 1.99938899627108]",0.95
7,0.9499999999999998
7,0.9499999999999998
"[42769842.02113119, 15.926198117126734, 1.1714624942059963e-10, 260843804132.4497, 13.726098586893034, 1.832972961190203e-09, 13.26797938819352, 1.158651185130691e-09, 178.14254219495774, 106.33325675978286, 0.1491687622178233, 0.06240550521710074, 0.03698738285686061, 0.1286197362631252, 0.07882597575490236]",0.95
7,0.9499999999999998
"[42108925.26972903, 9.713135780316609, 28.313001003345555, 223135363220.63712, 14.955263944753431, 12.63952828368218, 9.477571490327255, 24.1865394885098, 192.99992342837467, 139.4932835409689, 10.997742767218185, 0.3742900058693279, 39.441750178004725, 0.49844251562019787, -0.07301398578485699]",0.95
7,0.9499999999999998
"[41547484.40352324, 13.289202694747718, 44.84351389933554, 284172996425.01245, 14.777671655362942, 16.786112718932795, 16.83691420121276, -15.15825762310571, 261.0329375137345, 47.718178778033746, 9.95084911111013, 0.2930298595496858, 54.45933392408604, 0.4152456797525218, -0.1663975916620999]",0.95
7,0.9499999999999998
"[41194817.30809144, 5.117232453096402, -24.884194798039182, 242622361304.11615, 14.07106969257328, -15.922750457585392, 7.280960601667298, 6.708936908504775, 143.37578792616043, 134.59091077208217, 1.7564379335146305, 0.24075392034026688, 60.55366913500467, 0.5112731439674955, -1.6038416917792402]",0.95
7,0.9499999999999998
"[41194817.30809144, -3.5734947684105385, 53.77028116294487, 222154716870.86502, 14.820242409934801, -22.594214315497567, 13.981533499802463, 21.278715103616136, 176.76842701610423, 53.51332236977172, 3.503130647559084, 0.14624062417289985, -10.75692759175175, 0.5925051130424874, 2.4883200064386415]",0.95
7,0.9499999999999998
"[38231977.27370336, -41.91988192351853, 78.64253653401893, 368366926134.25, 32.17402793822315, -90.59089396631849, 8.431911938740472, 3.1425449833431145, 342.07878104180435, -35.5276896091931, 26.89885913271408, 0.8091375484237437, -2.9462367152759503, 0.5318465967561731, 4.824038097719752]",0.95
7,0.9499999999999998
"[38231977.27370336, -41.91988192351853, 78.64253653401893, 368366926134.25, 32.17402793822315, -90.59089396631849, 8.431911938740472, 3.1425449833431145, 342.07878104180435, -35.5276896091931, 26.89885913271408, 0.8091375484237437, -2.9462367152759503, 0.5318465967561731, 4.824038097719752]",0.95
7,0.9499999999999998
"[36696365.5055937, 1.349385294327318, -24.884194798039182, 421173043933.9918, 28.74457626485559, -12.632142004617899, 0.6054638437995052, -17.899321225186437, 367.3499096628425, 121.11284396172651, 31.447952113579433, 0.731274522780468, 65.53219888640601, -0.1513159948307089, -1.6038416917792402]",0.95
7,0.9499999999999998
"[36696365.5055937, 1.349385294327318, -24.884194798039182, 421173043933.9918, 28.74457626485559, -12.632142004617899, 0.6054638437995052, -17.899321225186437, 367.3499096628425, 121.11284396172651, 31.447952113579433, 0.731274522780468, 65.53219888640601, -0.1513159948307089, -1.6038416917792402]",0.95
7,0.9499999999999998
7,0.9499999999999998
"[42769842.02113119, 15.926198117126734, 1.1714624942059963e-10, 260843804132.4497, 13.726098586893034, 1.832972961190203e-09, 13.26797938819352, 1.158651185130691e-09, 178.14254219495774, 106.33325675978286, 0.1491687622178233, 0.06240550521710074, 0.03698738285686061, 0.1286197362631252, 0.07882597575490236]",0.95
7,0.9499999999999998
"[42108925.26972903, 9.713135780316609, 28.313001003345555, 223135363220.63712, 14.955263944753431, 12.63952828368218, 9.477571490327255, 24.1865394885098, 192.99992342837467, 139.4932835409689, 10.997742767218185, 0.3742900058693279, 39.441750178004725, 0.49844251562019787, -0.07301398578485699]",0.95
7,0.9499999999999998
"[41547484.40352324, 13.289202694747718, 44.84351389933554, 284172996425.01245, 14.777671655362942, 16.786112718932795, 16.83691420121276, -15.15825762310571, 261.0329375137345, 47.718178778033746, 9.95084911111013, 0.2930298595496858, 54.45933392408604, 0.4152456797525218, -0.1663975916620999]",0.95
7,0.9499999999999998
"[41194817.30809144, 5.117232453096402, -24.884194798039182, 242622361304.11615, 14.07106969257328, -15.922750457585392, 7.280960601667298, 6.708936908504775, 143.37578792616043, 134.59091077208217, 1.7564379335146305, 0.24075392034026688, 60.55366913500467, 0.5112731439674955, -1.6038416917792402]",0.95
7,0.9499999999999998
"[41194817.30809144, -3.5734947684105385, 53.77028116294487, 222154716870.86502, 14.820242409934801, -22.594214315497567, 13.981533499802463, 21.278715103616136, 176.76842701610423, 53.51332236977172, 3.503130647559084, 0.14624062417289985, -10.75692759175175, 0.5925051130424874, 2.4883200064386415]",0.95
7,0.9499999999999998
"[40938257.155771025, -37.73800668052389, 105.2411344347113, 269348085777.57263, 25.27937177817207, -77.95505882216845, 12.867965762004346, 24.185475340191232, 254.90378792457045, -26.337469819571908, 16.673754459533455, 0.6306452899681737, -15.991461069476593, 0.8567258519816264, 5.589451950716944]",0.95
7,0.9499999999999998
"[38231977.27370336, -41.91988192351853, 78.64253653401893, 368366926134.25, 32.17402793822315, -90.59089396631849, 8.431911938740472, 3.1425449833431145, 342.07878104180435, -35.5276896091931, 26.89885913271408, 0.8091375484237437, -2.9462367152759503, 0.5318465967561731, 4.824038097719752]",0.95
7,0.9499999999999998
"[38231977.27370336, -41.91988192351853, 78.64253653401893, 368366926134.25, 32.17402793822315, -90.59089396631849, 8.431911938740472, 3.1425449833431145, 342.07878104180435, -35.5276896091931, 26.89885913271408, 0.8091375484237437, -2.9462367152759503, 0.5318465967561731, 4.824038097719752]",0.95
7,0.9499999999999998
"[38177785.52278774, 24.86794248263478, -76.64756046406825, 358300761518.9249, 19.693097142030656, 24.70192974974865, 0.029988175262918304, -16.116125262605607, 267.9984131050205, 206.17214415236413, 18.87674151397971, 0.4470827087387296, 97.28215181154631, -0.1616027212250477, -4.817781586528737]",0.95
7,0.9499999999999998
8,0.9499999999999998
"[42769842.02113119, 15.926198117126734, 1.1714624942059963e-10, 260843804132.4497, 13.726098586893034, 1.832972961190203e-09, 13.26797938819352, 1.158651185130691e-09, 178.14254219495774, 106.33325675978286, 0.1491687622178233, 0.06240550521710074, 0.03698738285686061, 0.1286197362631252, 0.07882597575490236]",0.95
8,0.9499999999999998
"[42108925.26972903, 9.713135780316609, 28.313001003345555, 223135363220.63712, 14.955263944753431, 12.63952828368218, 9.477571490327255, 24.1865394885098, 192.99992342837467, 139.4932835409689, 10.997742767218185, 0.3742900058693279, 39.441750178004725, 0.49844251562019787, -0.07301398578485699]",0.95
8,0.9499999999999998
"[41547484.40352324, 13.289202694747718, 44.84351389933554, 284172996425.01245, 14.777671655362942, 16.786112718932795, 16.83691420121276, -15.15825762310571, 261.0329375137345, 47.718178778033746, 9.95084911111013, 0.2930298595496858, 54.45933392408604, 0.4152456797525218, -0.1663975916620999]",0.95
8,0.9499999999999998
"[41194817.30809144, 5.117232453096402, -24.884194798039182, 242622361304.11615, 14.07106969257328, -15.922750457585392, 7.280960601667298, 6.708936908504775, 143.37578792616043, 134.59091077208217, 1.7564379335146305, 0.24075392034026688, 60.55366913500467, 0.5112731439674955, -1.6038416917792402]",0.95
8,0.9499999999999998
"[41194817.30809144, -3.5734947684105385, 53.77028116294487, 222154716870.86502, 14.820242409934801, -22.594214315497567, 13.981533499802463, 21.278715103616136, 176.76842701610423, 53.51332236977172, 3.503130647559084, 0.14624062417289985, -10.75692759175175, 0.5925051130424874, 2.4883200064386415]",0.95
8,0.9499999999999998
"[40938257.155771025, -37.73800668052389, 105.2411344347113, 269348085777.57263, 25.27937177817207, -77.95505882216845, 12.867965762004346, 24.185475340191232, 254.90378792457045, -26.337469819571908, 16.673754459533455, 0.6306452899681737, -15.991461069476593, 0.8567258519816264, 5.589451950716944]",0.95
8,0.9499999999999998
"[38231977.27370336, -41.91988192351853, 78.64253653401893, 368366926134.25, 32.17402793822315, -90.59089396631849, 8.431911938740472, 3.1425449833431145, 342.07878104180435, -35.5276896091931, 26.89885913271408, 0.8091375484237437, -2.9462367152759503, 0.5318465967561731, 4.824038097719752]",0.95
8,0.9499999999999998
"[38231977.27370336, -41.91988192351853, 78.64253653401893, 368366926134.25, 32.17402793822315, -90.59089396631849, 8.431911938740472, 3.1425449833431145, 342.07878104180435, -35.5276896091931, 26.89885913271408, 0.8091375484237437, -2.9462367152759503, 0.5318465967561731, 4.824038097719752]",0.95
8,0.9499999999999998
"[38177785.52278774, 24.86794248263478, -76.64756046406825, 358300761518.9249, 19.693097142030656, 24.70192974974865, 0.029988175262918304, -16.116125262605607, 267.9984131050205, 206.17214415236413, 18.87674151397971, 0.4470827087387296, 97.28215181154631, -0.1616027212250477, -4.817781586528737]",0.95
8,0.9499999999999998
8,0.9499999999999998
"[43090136.207318425, 12.934036893145043, 75.29098919430041, 255765013122.81326, 5.275145304692845, -18.06731862127857, 0.029988175262918304, 3.1425449833431145, 353.2429391016603, 206.72964961036325, 0.19243861247765115, 0.8091375484237437, -15.991461069476593, 0.5704510372931589, 5.14856269552607]",0.95
8,0.9499999999999998
"[42769842.02113119, 15.926198117126734, 1.1714624942059963e-10, 260843804132.4497, 13.726098586893034, 1.832972961190203e-09, 13.26797938819352, 1.158651185130691e-09, 178.14254219495774, 106.33325675978286, 0.1491687622178233, 0.06240550521710074, 0.03698738285686061, 0.1286197362631252, 0.07882597575490236]",0.95
8,0.9499999999999998
"[42514569.5051367, 5.383878656328218, 59.26316542125961, 254069658925.9654, 21.182531765283905, -78.50954975299663, 6.055360893978017, -0.8627163760920169, 153.12109161183048, 119.82912499375189, 12.77821840018592, 0.9555342473068447, -2.2732828303035535, 0.09951919073284902, 4.7007544129883545]",0.95
8,0.9499999999999998
"[42108925.26972903, 9.713135780316609, 28.313001003345555, 223135363220.63712, 14.955263944753431, 12.63952828368218, 9.477571490327255, 24.1865394885098, 192.99992342837467, 139.4932835409689, 10.997742767218185, 0.3742900058693279, 39.441750178004725, 0.49844251562019787, -0.07301398578485699]",0.95
8,0.9499999999999998
"[42108925.26972903, 9.713135780316609, 28.313001003345555, 223135363220.63712, 14.955263944753431, 12.63952828368218, 9.477571490327255, 24.1865394885098, 192.99992342837467, 139.4932835409689, 10.997742767218185, 0.3742900058693279, 39.441750178004725, 0.49844251562019787, -0.07301398578485699]",0.95
8,0.9499999999999998
"[41547484.40352324, 13.289202694747718, 44.84351389933554, 284172996425.01245, 14.777671655362942, 16.786112718932795, 16.83691420121276, -15.15825762310571, 261.0329375137345, 47.718178778033746, 9.95084911111013, 0.2930298595496858, 54.45933392408604, 0.4152456797525218, -0.1663975916620999]",0.95
8,0.9499999999999998
"[41547484.40352324, 13.289202694747718, 44.84351389933554, 284172996425.01245, 14.777671655362942, 16.786112718932795, 16.83691420121276, -15.15825762310571, 261.0329375137345, 47.718178778033746, 9.95084911111013, 0.2930298595496858, 54.45933392408604, 0.4152456797525218, -0.1663975916620999]",0.95
8,0.9499999999999998
"[41194817.30809144, 5.117232453096402, -24.884194798039182, 242622361304.11615, 14.07106969257328, -15.922750457585392, 7.280960601667298, 6.708936908504775, 143.37578792616043, 134.59091077208217, 1.7564379335146305, 0.24075392034026688, 60.55366913500467, 0.5112731439674955, -1.6038416917792402]",0.95
8,0.9499999999999998
"[41194817.30809144, 5.117232453096402, -24.884194798039182, 242622361304.11615, 14.07106969257328, -15.922750457585392, 7.280960601667298, 6.708936908504775, 143.37578792616043, 134.59091077208217, 1.7564379335146305, 0.24075392034026688, 60.55366913500467, 0.5112731439674955, -1.6038416917792402]",0.95
8,0.9499999999999998
8,0.9499999999999998
"[43090136.207318425, 12.934036893145043, 75.29098919430041, 255765013122.81326, 5.275145304692845, -18.06731862127857, 0.029988175262918304, 3.1425449833431145, 353.2429391016603, 206.72964961036325, 0.19243861247765115, 0.8091375484237437, -15.991461069476593, 0.5704510372931589, 5.14856269552607]",0.95
8,0.9499999999999998
"[42978334.21388646, -4.998458449319835, 135.48712812378213, 405939586117.5003, 28.5020039728575, -159.58638820241032, -13.783497688561315, -39.141707091314075, 452.47581459299715, 211.36218657644642, 32.91780218187763, 2.5389216245747495, -26.79851205982621, -0.21894944398403227, 12.095432567070961]",0.95
8,0.9499999999999998
"[42769842.02113119, 15.926198117126734, 1.1714624942059963e-10, 260843804132.4497, 13.726098586893034, 1.832972961190203e-09, 13.26797938819352, 1.158651185130691e-09, 178.14254219495774, 106.33325675978286, 0.1491687622178233, 0.06240550521710074, 0.03698738285686061, 0.1286197362631252, 0.07882597575490236]",0.95
8,0.9499999999999998
"[42514569.5051367, 5.383878656328218, 59.26316542125961, 254069658925.9654, 21.182531765283905, -78.50954975299663, 6.055360893978017, -0.8627163760920169, 153.12109161183048, 119.82912499375189, 12.77821840018592, 0.9555342473068447, -2.2732828303035535, 0.09951919073284902, 4.7007544129883545]",0.95
8,0.9499999999999998
"[42421434.70805447, 2.1684144270306316, 3.4845091845621603, 423139944047.55164, 32.261012384932926, -108.0472643960584, 2.709297199191063, -49.13604484548189, 270.9986107937805, 101.08461722892652, 21.67047363021297, 1.2185691593018868, -0.5512345741133444, -0.6385238331881924, 3.703980613987411]",0.95
8,0.9499999999999998
"[42337672.33755293, 9.86155991765154, 49.173995095110776, 229941163160.83905, 17.110789370242234, 23.341981617241494, 9.123054930843548, 30.15812547879151, 233.23620518141553, 146.16205785466218, 18.450296865909017, 0.5339726874989862, 39.32297288976325, 0.47195476205067666, 0.4014976109338477]",0.95
8,0.9499999999999998
"[42108925.26972903, 9.713135780316609, 28.313001003345555, 223135363220.63712, 14.955263944753431, 12.63952828368218, 9.477571490327255, 24.1865394885098, 192.99992342837467, 139.4932835409689, 10.997742767218185, 0.3742900058693279, 39.441750178004725, 0.49844251562019787, -0.07301398578485699]",0.95
8,0.9499999999999998
"[42108925.26972903, 9.713135780316609, 28.313001003345555, 223135363220.63712, 14.955263944753431, 12.63952828368218, 9.477571490327255, 24.1865394885098, 192.99992342837467, 139.4932835409689, 10.997742767218185, 0.3742900058693279, 39.441750178004725, 0.49844251562019787, -0.07301398578485699]",0.95
8,0.9499999999999998
"[42108925.26972903, 9.713135780316609, 28.313001003345555, 223135363220.63712, 14.955263944753431, 12.63952828368218, 9.477571490327255, 24.1865394885098, 192.99992342837467, 139.4932835409689, 10.997742767218185, 0.3742900058693279, 39.441750178004725, 0.49844251562019787, -0.07301398578485699]",0.95
8,0.9499999999999998
9,0.9499999999999998
"[43090136.207318425, 12.934036893145043, 75.29098919430041, 255765013122.81326, 5.275145304692845, -18.06731862127857, 0.029988175262918304, 3.1425449833431145, 353.2429391016603, 206.72964961036325, 0.19243861247765115, 0.8091375484237437, -15.991461069476593, 0.5704510372931589, 5.14856269552607]",0.95
9,0.9499999999999998
"[42978334.21388646, -4.998458449319835, 135.48712812378213, 405939586117.5003, 28.5020039728575, -159.58638820241032, -13.783497688561315, -39.141707091314075, 452.47581459299715, 211.36218657644642, 32.91780218187763, 2.5389216245747495, -26.79851205982621, -0.21894944398403227, 12.095432567070961]",0.95
9,0.9499999999999998
"[42769842.02113119, 15.926198117126734, 1.1714624942059963e-10, 260843804132.4497, 13.726098586893034, 1.832972961190203e-09, 13.26797938819352, 1.158651185130691e-09, 178.14254219495774, 106.33325675978286, 0.1491687622178233, 0.06240550521710074, 0.03698738285686061, 0.1286197362631252, 0.07882597575490236]",0.95
9,0.9499999999999998
"[42514569.5051367, 5.383878656328218, 59.26316542125961, 254069658925.9654, 21.182531765283905, -78.50954975299663, 6.055360893978017, -0.8627163760920169, 153.12109161183048, 119.82912499375189, 12.77821840018592, 0.9555342473068447, -2.2732828303035535, 0.09951919073284902, 4.7007544129883545]",0.95
9,0.9499999999999998
"[42421434.70805447, 2.1684144270306316, 3.4845091845621603, 423139944047.55164, 32.261012384932926, -108.0472643960584, 2.709297199191063, -49.13604484548189, 270.9986107937805, 101.08461722892652, 21.67047363021297, 1.2185691593018868, -0.5512345741133444, -0.6385238331881924, 3.703980613987411]",0.95
9,0.9499999999999998
"[42337672.33755293, 9.86155991765154, 49.173995095110776, 229941163160.83905, 17.110789370242234, 23.341981617241494, 9.123054930843548, 30.15812547879151, 233.23620518141553, 146.16205785466218, 18.450296865909017, 0.5339726874989862, 39.32297288976325, 0.47195476205067666, 0.4014976109338477]",0.95
9,0.9499999999999998
"[42108925.26972903, 9.713135780316609, 28.313001003345555, 223135363220.63712, 14.955263944753431, 12.63952828368218, 9.477571490327255, 24.1865394885098, 192.99992342837467, 139.4932835409689, 10.997742767218185, 0.3742900058693279, 39.441750178004725, 0.49844251562019787, -0.07301398578485699]",0.95
9,0.9499999999999998
"[42108925.26972903, 9.713135780316609, 28.313001003345555, 223135363220.63712, 14.955263944753431, 12.63952828368218, 9.477571490327255, 24.1865394885098, 192.99992342837467, 139.4932835409689, 10.997742767218185, 0.3742900058693279, 39.441750178004725, 0.49844251562019787, -0.07301398578485699]",0.95
9,0.9499999999999998
"[42108925.26972903, 9.713135780316609, 28.313001003345555, 223135363220.63712, 14.955263944753431, 12.63952828368218, 9.477571490327255, 24.1865394885098, 192.99992342837467, 139.4932835409689, 10.997742767218185, 0.3742900058693279, 39.441750178004725, 0.49844251562019787, -0.07301398578485699]",0.95
9,0.9499999999999998
9,0.9499999999999998
"[43090136.207318425, 20.95656134282381, 37.859582264570946, 128623253714.48227, 3.7190836220322745, 20.903035124599434, 17.53160792371942, 32.88036270847864, 71.01994428118572, 110.47256109049562, -11.463038920976363, -0.27781232981371334, -15.753400523933463, 0.631308163825573, 0.9941689249457213]",0.95
9,0.9499999999999998
"[43090136.207318425, 12.934036893145043, 75.29098919430041, 255765013122.81326, 5.275145304692845, -18.06731862127857, 0.029988175262918304, 3.1425449833431145, 353.2429391016603, 206.72964961036325, 0.19243861247765115, 0.8091375484237437, -15.991461069476593, 0.5704510372931589, 5.14856269552607]",0.95
9,0.9499999999999998
"[42979753.417443834, 4.793799396419279, -48.23213840795214, 373268906063.4759, 26.57946908485732, -65.71238862822727, -4.278108400240209, -2.2349664381472465, 415.6140057808821, 113.69432905412398, 32.90607516021649, 3.1060207078035083, 9.819906599709714, 0.1286197362631252, 11.42590341276023]",0.95
9,0.9499999999999998
"[42978334.21388646, -4.998458449319835, 135.48712812378213, 405939586117.5003, 28.5020039728575, -159.58638820241032, -13.783497688561315, -39.141707091314075, 452.47581459299715, 211.36218657644642, 32.91780218187763, 2.5389216245747495, -26.79851205982621, -0.21894944398403227, 12.095432567070961]",0.95
9,0.9499999999999998
"[42921651.005245976, -7.713307236403473, 89.60751173712384, 249290389395.53378, 26.210082914850418, -122.87228743945882, -9.569010444147372, -43.400057765952184, 626.7647798021527, 181.02009216403803, 10.997742767218185, 3.4257973333386325, 39.441750178004725, -0.07267227258311076, 9.167668005654592]",0.95
9,0.9499999999999998
"[42769842.02113119, 15.926198117126734, 1.1714624942059963e-10, 260843804132.4497, 13.726098586893034, 1.832972961190203e-09, 13.26797938819352, 1.158651185130691e-09, 178.14254219495774, 106.33325675978286, 0.1491687622178233, 0.06240550521710074, 0.03698738285686061, 0.1286197362631252, 0.07882597575490236]",0.95
9,0.9499999999999998
"[42514569.5051367, 5.383878656328218, 59.26316542125961, 254069658925.9654, 21.182531765283905, -78.50954975299663, 6.055360893978017, -0.8627163760920169, 153.12109161183048, 119.82912499375189, 12.77821840018592, 0.9555342473068447, -2.2732828303035535, 0.09951919073284902, 4.7007544129883545]",0.95
9,0.9499999999999998
"[42421434.70805447, 2.1684144270306316, 3.4845091845621603, 423139944047.55164, 32.261012384932926, -108.0472643960584, 2.709297199191063, -49.13604484548189, 270.9986107937805, 101.08461722892652, 21.67047363021297, 1.2185691593018868, -0.5512345741133444, -0.6385238331881924, 3.703980613987411]",0.95
9,0.9499999999999998
"[42337672.33755293, 9.86155991765154, 49.173995095110776, 229941163160.83905, 17.110789370242234, 23.341981617241494, 9.123054930843548, 30.15812547879151, 233.23620518141553, 146.16205785466218, 18.450296865909017, 0.5339726874989862, 39.32297288976325, 0.47195476205067666, 0.4014976109338477]",0.95
9,0.9499999999999998
9,0.9499999999999998
"[43160103.20015246, 3.1379257704482644, 123.21380781465695, 303495474881.32324, 0.44282996856932044, -40.712674138809895, -11.149185702708964, -16.46555589842847, 534.6043317349367, 287.2167363297331, 9.805541683475258, -0.0054693742934036615, -62.07304808751531, 0.5754089779608247, 11.077932424462219]",0.95
9,0.9499999999999998
"[43090136.207318425, 20.95656134282381, 37.859582264570946, 128623253714.48227, 3.7190836220322745, 20.903035124599434, 17.53160792371942, 32.88036270847864, 71.01994428118572, 110.47256109049562, -11.463038920976363, -0.27781232981371334, -15.753400523933463, 0.631308163825573, 0.9941689249457213]",0.95
9,0.9499999999999998
"[43090136.207318425, 12.934036893145043, 75.29098919430041, 255765013122.81326, 5.275145304692845, -18.06731862127857, 0.029988175262918304, 3.1425449833431145, 353.2429391016603, 206.72964961036325, 0.19243861247765115, 0.8091375484237437, -15.991461069476593, 0.5704510372931589, 5.14856269552607]",0.95
9,0.9499999999999998
"[42979753.417443834, 4.793799396419279, -48.23213840795214, 373268906063.4759, 26.57946908485732, -65.71238862822727, -4.278108400240209, -2.2349664381472465, 415.6140057808821, 113.69432905412398, 32.90607516021649, 3.1060207078035083, 9.819906599709714, 0.1286197362631252, 11.42590341276023]",0.95
9,0.9499999999999998
"[42978334.21388646, -4.998458449319835, 135.48712812378213, 405939586117.5003, 28.5020039728575, -159.58638820241032, -13.783497688561315, -39.141707091314075, 452.47581459299715, 211.36218657644642, 32.91780218187763, 2.5389216245747495, -26.79851205982621, -0.21894944398403227, 12.095432567070961]",0.95
9,0.9499999999999998
"[42921651.005245976, -7.713307236403473, 89.60751173712384, 249290389395.53378, 26.210082914850418, -122.87228743945882, -9.569010444147372, -43.400057765952184, 626.7647798021527, 181.02009216403803, 10.997742767218185, 3.4257973333386325, 39.441750178004725, -0.07267227258311076, 9.167668005654592]",0.95
9,0.9499999999999998
"[42769842.02113119, 15.926198117126734, 1.1714624942059963e-10, 260843804132.4497, 13.726098586893034, 1.832972961190203e-09, 13.26797938819352, 1.158651185130691e-09, 178.14254219495774, 106.33325675978286, 0.1491687622178233, 0.06240550521710074, 0.03698738285686061, 0.1286197362631252, 0.07882597575490236]",0.95
9,0.9499999999999998
"[42528508.457114264, 6.627812847256567, 54.595756898057296, 264412252884.34622, 22.1580548843511, -81.07211774007538, 5.554832902985973, -2.043264379327648, 159.805479639833, 118.26212986133623, 11.551444859575227, 1.3525798228310033, 6.919828070547631, 0.09223827828798678, 4.107054959670318]",0.95
9,0.9499999999999998
"[42514569.5051367, 5.383878656328218, 59.26316542125961, 254069658925.9654, 21.182531765283905, -78.50954975299663, 6.055360893978017, -0.8627163760920169, 153.12109161183048, 119.82912499375189, 12.77821840018592, 0.9555342473068447, -2.2732828303035535, 0.09951919073284902, 4.7007544129883545]",0.95
9,0.9499999999999998
10,0.9499999999999998
"[43160103.20015246, 3.1379257704482644, 123.21380781465695, 303495474881.32324, 0.44282996856932044, -40.712674138809895, -11.149185702708964, -16.46555589842847, 534.6043317349367, 287.2167363297331, 9.805541683475258, -0.0054693742934036615, -62.07304808751531, 0.5754089779608247, 11.077932424462219]",0.95
10,0.9499999999999998
"[43090136.207318425, 20.95656134282381, 37.859582264570946, 128623253714.48227, 3.7190836220322745, 20.903035124599434, 17.53160792371942, 32.88036270847864, 71.01994428118572, 110.47256109049562, -11.463038920976363, -0.27781232981371334, -15.753400523933463, 0.631308163825573, 0.9941689249457213]",0.95
10,0.9499999999999998
"[43090136.207318425, 12.934036893145043, 75.29098919430041, 255765013122.81326, 5.275145304692845, -18.06731862127857, 0.029988175262918304, 3.1425449833431145, 353.2429391016603, 206.72964961036325, 0.19243861247765115, 0.8091375484237437, -15.991461069476593, 0.5704510372931589, 5.14856269552607]",0.95
10,0.9499999999999998
"[42979753.417443834, 4.793799396419279, -48.23213840795214, 373268906063.4759, 26.57946908485732, -65.71238862822727, -4.278108400240209, -2.2349664381472465, 415.6140057808821, 113.69432905412398, 32.90607516021649, 3.1060207078035083, 9.819906599709714, 0.1286197362631252, 11.42590341276023]",0.95
10,0.9499999999999998
"[42978334.21388646, -4.998458449319835, 135.48712812378213, 405939586117.5003, 28.5020039728575, -159.58638820241032, -13.783497688561315, -39.141707091314075, 452.47581459299715, 211.36218657644642, 32.91780218187763, 2.5389216245747495, -26.79851205982621, -0.21894944398403227, 12.095432567070961]",0.95
10,0.9499999999999998
"[42921651.005245976, -7.713307236403473, 89.60751173712384, 249290389395.53378, 26.210082914850418, -122.87228743945882, -9.569010444147372, -43.400057765952184, 626.7647798021527, 181.02009216403803, 10.997742767218185, 3.4257973333386325, 39.441750178004725, -0.07267227258311076, 9.167668005654592]",0.95
10,0.9499999999999998
"[42769842.02113119, 15.926198117126734, 1.1714624942059963e-10, 260843804132.4497, 13.726098586893034, 1.832972961190203e-09, 13.26797938819352, 1.158651185130691e-09, 178.14254219495774, 106.33325675978286, 0.1491687622178233, 0.06240550521710074, 0.03698738285686061, 0.1286197362631252, 0.07882597575490236]",0.95
10,0.9499999999999998
"[42528508.457114264, 6.627812847256567, 54.595756898057296, 264412252884.34622, 22.1580548843511, -81.07211774007538, 5.554832902985973, -2.043264379327648, 159.805479639833, 118.26212986133623, 11.551444859575227, 1.3525798228310033, 6.919828070547631, 0.09223827828798678, 4.107054959670318]",0.95
10,0.9499999999999998
"[42514569.5051367, 5.383878656328218, 59.26316542125961, 254069658925.9654, 21.182531765283905, -78.50954975299663, 6.055360893978017, -0.8627163760920169, 153.12109161183048, 119.82912499375189, 12.77821840018592, 0.9555342473068447, -2.2732828303035535, 0.09951919073284902, 4.7007544129883545]",0.95
10,0.9499999999999998
10,0.9499999999999998
"[43160103.20015246, 3.1379257704482644, 123.21380781465695, 303495474881.32324, 0.44282996856932044, -40.712674138809895, -11.149185702708964, -16.46555589842847, 534.6043317349367, 287.2167363297331, 9.805541683475258, -0.0054693742934036615, -62.07304808751531, 0.5754089779608247, 11.077932424462219]",0.95
10,0.9499999999999998
"[43147128.30794902, 9.100605041452917, 17.440625078454183, 293031695706.43756, 5.105241103645705, -193.68655640583899, 10.104391975647864, -47.470247824618234, 199.20040967713575, 111.23668964547205, 5.236852098226183, 1.373314536438739, -10.61389769491267, 0.5051801669774981, -0.7647839018188085]",0.95
10,0.9499999999999998
"[43090136.207318425, 20.95656134282381, 37.859582264570946, 128623253714.48227, 3.7190836220322745, 20.903035124599434, 17.53160792371942, 32.88036270847864, 71.01994428118572, 110.47256109049562, -11.463038920976363, -0.27781232981371334, -15.753400523933463, 0.631308163825573, 0.9941689249457213]",0.95
10,0.9499999999999998
"[43090136.207318425, 12.934036893145043, 75.29098919430041, 255765013122.81326, 5.275145304692845, -18.06731862127857, 0.029988175262918304, 3.1425449833431145, 353.2429391016603, 206.72964961036325, 0.19243861247765115, 0.8091375484237437, -15.991461069476593, 0.5704510372931589, 5.14856269552607]",0.95
10,0.9499999999999998
"[43090136.207318425, 12.934036893145043, 75.29098919430041, 255765013122.81326, 5.275145304692845, -18.06731862127857, 0.029988175262918304, 3.1425449833431145, 353.2429391016603, 206.72964961036325, 0.19243861247765115, 0.8091375484237437, -15.991461069476593, 0.5704510372931589, 5.14856269552607]",0.95
10,0.9499999999999998
"[42979753.417443834, 4.793799396419279, -48.23213840795214, 373268906063.4759, 26.57946908485732, -65.71238862822727, -4.278108400240209, -2.2349664381472465, 415.6140057808821, 113.69432905412398, 32.90607516021649, 3.1060207078035083, 9.819906599709714, 0.1286197362631252, 11.42590341276023]",0.95
10,0.9499999999999998
"[42979753.417443834, 4.793799396419279, -48.23213840795214, 373268906063.4759, 26.57946908485732, -65.71238862822727, -4.278108400240209, -2.2349664381472465, 415.6140057808821, 113.69432905412398, 32.90607516021649, 3.1060207078035083, 9.819906599709714, 0.1286197362631252, 11.42590341276023]",0.95
10,0.9499999999999998
"[42978334.21388646, -4.998458449319835, 135.48712812378213, 405939586117.5003, 28.5020039728575, -159.58638820241032, -13.783497688561315, -39.141707091314075, 452.47581459299715, 211.36218657644642, 32.91780218187763, 2.5389216245747495, -26.79851205982621, -0.21894944398403227, 12.095432567070961]",0.95
10,0.9499999999999998
"[42978334.21388646, -4.998458449319835, 135.48712812378213, 405939586117.5003, 28.5020039728575, -159.58638820241032, -13.783497688561315, -39.141707091314075, 452.47581459299715, 211.36218657644642, 32.91780218187763, 2.5389216245747495, -26.79851205982621, -0.21894944398403227, 12.095432567070961]",0.95
10,0.9499999999999998
10,0.9499999999999998
"[43160103.20015246, 3.1379257704482644, 123.21380781465695, 303495474881.32324, 0.44282996856932044, -40.712674138809895, -11.149185702708964, -16.46555589842847, 534.6043317349367, 287.2167363297331, 9.805541683475258, -0.0054693742934036615, -62.07304808751531, 0.5754089779608247, 11.077932424462219]",0.95
10,0.9499999999999998
"[43147128.30794902, 9.100605041452917, 17.440625078454183, 293031695706.43756, 5.105241103645705, -193.68655640583899, 10.104391975647864, -47.470247824618234, 199.20040967713575, 111.23668964547205, 5.236852098226183, 1.373314536438739, -10.61389769491267, 0.5051801669774981, -0.7647839018188085]",0.95
10,0.9499999999999998
"[43090845.80909711, 17.830165816014613, -16.568644071567007, 239429673095.801, 4.3138778606927515, 28.869681165813102, 4.782682819423486, 21.595915309926585, 334.81203469560273, 157.8957208492019, 0.18657510164707888, 1.092687090038124, 2.317748260291424, 0.7442356274167382, 4.813798118370703]",0.95
10,0.9499999999999998
"[43090136.207318425, 20.95656134282381, 37.859582264570946, 128623253714.48227, 3.7190836220322745, 20.903035124599434, 17.53160792371942, 32.88036270847864, 71.01994428118572, 110.47256109049562, -11.463038920976363, -0.27781232981371334, -15.753400523933463, 0.631308163825573, 0.9941689249457213]",0.95
10,0.9499999999999998
"[43090136.207318425, 20.95656134282381, 37.859582264570946, 128623253714.48227, 3.7190836220322745, 20.903035124599434, 17.53160792371942, 32.88036270847864, 71.01994428118572, 110.47256109049562, -11.463038920976363, -0.27781232981371334, -15.753400523933463, 0.631308163825573, 0.9941689249457213]",0.95
10,0.9499999999999998
"[43090136.207318425, 12.934036893145043, 75.29098919430041, 255765013122.81326, 5.275145304692845, -18.06731862127857, 0.029988175262918304, 3.1425449833431145, 353.2429391016603, 206.72964961036325, 0.19243861247765115, 0.8091375484237437, -15.991461069476593, 0.5704510372931589, 5.14856269552607]",0.95
10,0.9499999999999998
"[43090136.207318425, 12.934036893145043, 75.29098919430041, 255765013122.81326, 5.275145304692845, -18.06731862127857, 0.029988175262918304, 3.1425449833431145, 353.2429391016603, 206.72964961036325, 0.19243861247765115, 0.8091375484237437, -15.991461069476593, 0.5704510372931589, 5.14856269552607]",0.95
10,0.9499999999999998
"[43058735.088215426, 21.157697943680333, -153.65880417779215, 276885030454.8651, 18.387437648658636, 28.766706703901363, 9.952329270398444, 34.91990248444206, 267.27549272571946, 40.14668998670109, 12.095654953495282, 3.0993444718611123, 47.36005207641135, 0.5569487933121143, 5.330023567839849]",0.95
10,0.9499999999999998
"[43034235.21060245, 3.967789221912633, 105.38905865904118, 330852299620.15656, 16.88857463877514, -88.82685341184423, -6.876754756649177, -17.999581053985416, 402.8593768473286, 209.04591809340482, 16.555120397177593, 1.6740295864992438, -21.394986564651383, 0.17575079665456456, 8.621997631298505]",0.95
10,0.9499999999999998
11,0.9499999999999998
"[43160103.20015246, 3.1379257704482644, 123.21380781465695, 303495474881.32324, 0.44282996856932044, -40.712674138809895, -11.149185702708964, -16.46555589842847, 534.6043317349367, 287.2167363297331, 9.805541683475258, -0.0054693742934036615, -62.07304808751531, 0.5754089779608247, 11.077932424462219]",0.95
11,0.9499999999999998
"[43147128.30794902, 9.100605041452917, 17.440625078454183, 293031695706.43756, 5.105241103645705, -193.68655640583899, 10.104391975647864, -47.470247824618234, 199.20040967713575, 111.23668964547205, 5.236852098226183, 1.373314536438739, -10.61389769491267, 0.5051801669774981, -0.7647839018188085]",0.95
11,0.9499999999999998
"[43090845.80909711, 17.830165816014613, -16.568644071567007, 239429673095.801, 4.3138778606927515, 28.869681165813102, 4.782682819423486, 21.595915309926585, 334.81203469560273, 157.8957208492019, 0.18657510164707888, 1.092687090038124, 2.317748260291424, 0.7442356274167382, 4.813798118370703]",0.95
11,0.9499999999999998
"[43090136.207318425, 20.95656134282381, 37.859582264570946, 128623253714.48227, 3.7190836220322745, 20.903035124599434, 17.53160792371942, 32.88036270847864, 71.01994428118572, 110.47256109049562, -11.463038920976363, -0.27781232981371334, -15.753400523933463, 0.631308163825573, 0.9941689249457213]",0.95
11,0.9499999999999998
"[43090136.207318425, 20.95656134282381, 37.859582264570946, 128623253714.48227, 3.7190836220322745, 20.903035124599434, 17.53160792371942, 32.88036270847864, 71.01994428118572, 110.47256109049562, -11.463038920976363, -0.27781232981371334, -15.753400523933463, 0.631308163825573, 0.9941689249457213]",0.95
11,0.9499999999999998
"[43090136.207318425, 12.934036893145043, 75.29098919430041, 255765013122.81326, 5.275145304692845, -18.06731862127857, 0.029988175262918304, 3.1425449833431145, 353.2429391016603, 206.72964961036325, 0.19243861247765115, 0.8091375484237437, -15.991461069476593, 0.5704510372931589, 5.14856269552607]",0.95
11,0.9499999999999998
"[43090136.207318425, 12.934036893145043, 75.29098919430041, 255765013122.81326, 5.275145304692845, -18.06731862127857, 0.029988175262918304, 3.1425449833431145, 353.2429391016603, 206.72964961036325, 0.19243861247765115, 0.8091375484237437, -15.991461069476593, 0.5704510372931589, 5.14856269552607]",0.95
11,0.9499999999999998
"[43058735.088215426, 21.157697943680333, -153.65880417779215, 276885030454.8651, 18.387437648658636, 28.766706703901363, 9.952329270398444, 34.91990248444206, 267.27549272571946, 40.14668998670109, 12.095654953495282, 3.0993444718611123, 47.36005207641135, 0.5569487933121143, 5.330023567839849]",0.95
11,0.9499999999999998
"[43034235.21060245, 3.967789221912633, 105.38905865904118, 330852299620.15656, 16.88857463877514, -88.82685341184423, -6.876754756649177, -17.999581053985416, 402.8593768473286, 209.04591809340482, 16.555120397177593, 1.6740295864992438, -21.394986564651383, 0.17575079665456456, 8.621997631298505]",0.95
11,0.9499999999999998
11,0.9499999999999998
"[43160103.20015246, 3.1379257704482644, 123.21380781465695, 303495474881.32324, 0.44282996856932044, -40.712674138809895, -11.149185702708964, -16.46555589842847, 534.6043317349367, 287.2167363297331, 9.805541683475258, -0.0054693742934036615, -62.07304808751531, 0.5754089779608247, 11.077932424462219]",0.95
11,0.9499999999999998
"[43147128.30794902, 9.100605041452917, 17.440625078454183, 293031695706.43756, 5.105241103645705, -193.68655640583899, 10.104391975647864, -47.470247824618234, 199.20040967713575, 111.23668964547205, 5.236852098226183, 1.373314536438739, -10.61389769491267, 0.5051801669774981, -0.7647839018188085]",0.95
11,0.9499999999999998
"[43124958.94517358, 17.164868546104724, 59.921625058121265, 356310450144.56165, 12.405715603777072, 9.371069452002072, 6.332167059510773, -18.394773638680324, 236.17721490539145, 75.471208671484, 8.50401387984262, 0.8091375484237437, -13.433518352897035, 0.40457618446770627, -0.404748190254967]",0.95
11,0.9499999999999998
"[43090845.80909711, 17.830165816014613, -16.568644071567007, 239429673095.801, 4.3138778606927515, 28.869681165813102, 4.782682819423486, 21.595915309926585, 334.81203469560273, 157.8957208492019, 0.18657510164707888, 1.092687090038124, 2.317748260291424, 0.7442356274167382, 4.813798118370703]",0.95
11,0.9499999999999998
"[43090136.207318425, 20.95656134282381, 37.859582264570946, 128623253714.48227, 3.7190836220322745, 20.903035124599434, 17.53160792371942, 32.88036270847864, 71.01994428118572, 110.47256109049562, -11.463038920976363, -0.27781232981371334, -15.753400523933463, 0.631308163825573, 0.9941689249457213]",0.95
11,0.9499999999999998
"[43090136.207318425, 20.95656134282381, 37.859582264570946, 128623253714.48227, 3.7190836220322745, 20.903035124599434, 17.53160792371942, 32.88036270847864, 71.01994428118572, 110.47256109049562, -11.463038920976363, -0.27781232981371334, -15.753400523933463, 0.631308163825573, 0.9941689249457213]",0.95
11,0.9499999999999998
"[43090136.207318425, 20.95656134282381, 37.859582264570946, 128623253714.48227, 3.7190836220322745, 20.903035124599434, 17.53160792371942, 32.88036270847864, 71.01994428118572, 110.47256109049562, -11.463038920976363, -0.27781232981371334, -15.753400523933463, 0.631308163825573, 0.9941689249457213]",0.95
11,0.9499999999999998
"[43090136.207318425, 12.934036893145043, 75.29098919430041, 255765013122.81326, 5.275145304692845, -18.06731862127857, 0.029988175262918304, 3.1425449833431145, 353.2429391016603, 206.72964961036325, 0.19243861247765115, 0.8091375484237437, -15.991461069476593, 0.5704510372931589, 5.14856269552607]",0.95
11,0.9499999999999998
"[43090136.207318425, 12.934036893145043, 75.29098919430041, 255765013122.81326, 5.275145304692845, -18.06731862127857, 0.029988175262918304, 3.1425449833431145, 353.2429391016603, 206.72964961036325, 0.19243861247765115, 0.8091375484237437, -15.991461069476593, 0.5704510372931589, 5.14856269552607]",0.95
11,0.9499999999999998
11,0.9499999999999998
"[43181120.497261874, 24.340355000295045, 77.87281580301007, 323180676613.7456, 15.966449037160853, -6.445937887284135, 12.94560753289561, -15.538022130493644, 84.4139198469868, 36.93708607943263, -4.38290962546353, 1.4929980300456573, 11.666572501693452, 0.29839217610514635, -5.408125651958532]",0.95
11,0.9499999999999998
"[43173645.144868724, 28.409031430538192, 9.896911361257887, 190586235893.37497, 9.563489956178016, 5.550565990210283, 14.532920446411516, 25.807642346432374, 111.06643725215862, 101.08461722892652, -18.812698720083276, 2.1009069759438153, 39.32297288976325, 0.5876878641326219, -2.5627133034003147]",0.95
11,0.9499999999999998
"[43160103.20015246, 3.1379257704482644, 123.21380781465695, 303495474881.32324, 0.44282996856932044, -40.712674138809895, -11.149185702708964, -16.46555589842847, 534.6043317349367, 287.2167363297331, 9.805541683475258, -0.0054693742934036615, -62.07304808751531, 0.5754089779608247, 11.077932424462219]",0.95
11,0.9499999999999998
"[43147128.30794902, 9.100605041452917, 17.440625078454183, 293031695706.43756, 5.105241103645705, -193.68655640583899, 10.104391975647864, -47.470247824618234, 199.20040967713575, 111.23668964547205, 5.236852098226183, 1.373314536438739, -10.61389769491267, 0.5051801669774981, -0.7647839018188085]",0.95
11,0.9499999999999998
"[43125474.504624784, 10.48404579323139, 53.32258187154544, 271462573988.56232, 2.378353914631023, -5.921496486498629, -3.183251441642793, 2.5651797057489283, 434.7081832152704, 222.55622858946793, 4.9960583925612, 0.5436088578723565, -29.87764991361216, 0.6598223026887808, 7.945865271416482]",0.95
11,0.9499999999999998
"[43124958.94517358, 17.164868546104724, 59.921625058121265, 356310450144.56165, 12.405715603777072, 9.371069452002072, 6.332167059510773, -18.394773638680324, 236.17721490539145, 75.471208671484, 8.50401387984262, 0.8091375484237437, -13.433518352897035, 0.40457618446770627, -0.404748190254967]",0.95
11,0.9499999999999998
"[43124764.9028461, 13.610441320040588, 107.75080820768339, 160656154607.2436, 1.783559675970546, -13.888142527712297, 9.565673662653142, 13.849627104300986, 170.9160928008534, 175.13306883076166, -6.653555630062241, -0.8268905619794809, -47.94879869783705, 0.5468948390976156, 4.1262360779915]",0.95
11,0.9499999999999998
"[43093396.16158919, 4.305463045374852, 35.43264329427094, 253162861004.49646, 1.344775388901468, -183.8083189056091, 12.033837124211018, -42.91944815210778, 173.43329917811852, 117.27717331566409, 9.965842881789719, -0.15722456075578806, -46.05168248831556, 0.5332467715364345, 1.5238204330530256]",0.95
11,0.9499999999999998
"[43090845.80909711, 17.830165816014613, -16.568644071567007, 239429673095.801, 4.3138778606927515, 28.869681165813102, 4.782682819423486, 21.595915309926585, 334.81203469560273, 157.8957208492019, 0.18657510164707888, 1.092687090038124, 2.317748260291424, 0.7442356274167382, 4.813798118370703]",0.95
11,0.9499999999999998
12,0.9499999999999998
"[43181120.497261874, 24.340355000295045, 77.87281580301007, 323180676613.7456, 15.966449037160853, -6.445937887284135, 12.94560753289561, -15.538022130493644, 84.4139198469868, 36.93708607943263, -4.38290962546353, 1.4929980300456573, 11.666572501693452, 0.29839217610514635, -5.408125651958532]",0.95
12,0.9499999999999998
"[43173645.144868724, 28.409031430538192, 9.896911361257887, 190586235893.37497, 9.563489956178016, 5.550565990210283, 14.532920446411516, 25.807642346432374, 111.06643725215862, 101.08461722892652, -18.812698720083276, 2.1009069759438153, 39.32297288976325, 0.5876878641326219, -2.5627133034003147]",0.95
12,0.9499999999999998
"[43160103.20015246, 3.1379257704482644, 123.21380781465695, 303495474881.32324, 0.44282996856932044, -40.712674138809895, -11.149185702708964, -16.46555589842847, 534.6043317349367, 287.2167363297331, 9.805541683475258, -0.0054693742934036615, -62.07304808751531, 0.5754089779608247, 11.077932424462219]",0.95
12,0.9499999999999998
"[43147128.30794902, 9.100605041452917, 17.440625078454183, 293031695706.43756, 5.105241103645705, -193.68655640583899, 10.104391975647864, -47.470247824618234, 199.20040967713575, 111.23668964547205, 5.236852098226183, 1.373314536438739, -10.61389769491267, 0.5051801669774981, -0.7647839018188085]",0.95
12,0.9499999999999998
"[43125474.504624784, 10.48404579323139, 53.32258187154544, 271462573988.56232, 2.378353914631023, -5.921496486498629, -3.183251441642793, 2.5651797057489283, 434.7081832152704, 222.55622858946793, 4.9960583925612, 0.5436088578723565, -29.87764991361216, 0.6598223026887808, 7.945865271416482]",0.95
12,0.9499999999999998
"[43124958.94517358, 17.164868546104724, 59.921625058121265, 356310450144.56165, 12.405715603777072, 9.371069452002072, 6.332167059510773, -18.394773638680324, 236.17721490539145, 75.471208671484, 8.50401387984262, 0.8091375484237437, -13.433518352897035, 0.40457618446770627, -0.404748190254967]",0.95
12,0.9499999999999998
"[43124764.9028461, 13.610441320040588, 107.75080820768339, 160656154607.2436, 1.783559675970546, -13.888142527712297, 9.565673662653142, 13.849627104300986, 170.9160928008534, 175.13306883076166, -6.653555630062241, -0.8268905619794809, -47.94879869783705, 0.5468948390976156, 4.1262360779915]",0.95
12,0.9499999999999998
"[43093396.16158919, 4.305463045374852, 35.43264329427094, 253162861004.49646, 1.344775388901468, -183.8083189056091, 12.033837124211018, -42.91944815210778, 173.43329917811852, 117.27717331566409, 9.965842881789719, -0.15722456075578806, -46.05168248831556, 0.5332467715364345, 1.5238204330530256]",0.95
12,0.9499999999999998
"[43090845.80909711, 17.830165816014613, -16.568644071567007, 239429673095.801, 4.3138778606927515, 28.869681165813102, 4.782682819423486, 21.595915309926585, 334.81203469560273, 157.8957208492019, 0.18657510164707888, 1.092687090038124, 2.317748260291424, 0.7442356274167382, 4.813798118370703]",0.95
12,0.9499999999999998
12,0.9549999999999998
"[43217400.77938344, 21.81680304233823, 16.46900385255842, 426289118790.0338, 4.638360680285713, 7.861044041347583, 19.713949980106598, -8.924969555730735, 461.7490482729104, 40.50441341708027, -15.65900255617244, -0.8268905619794809, -62.07304808751531, 0.5924270365748363, 4.813798118370703]",0.95
12,0.9549999999999998
"[43212389.41853478, 0.06273251411139569, 140.70288503286375, 381848629224.12756, 1.472750826829953, -66.00960023733062, -21.445467951121064, -34.86279603655266, 698.0257395247942, 340.73051860405883, 14.027292889215566, 0.9303276329941115, -57.33618229612759, 0.5418716793683735, 13.05375194204386]",0.95
12,0.9549999999999998
"[43181120.497261874, 24.340355000295045, 77.87281580301007, 323180676613.7456, 15.966449037160853, -6.445937887284135, 12.94560753289561, -15.538022130493644, 84.4139198469868, 36.93708607943263, -4.38290962546353, 1.4929980300456573, 11.666572501693452, 0.29839217610514635, -5.408125651958532]",0.95
12,0.9549999999999998
"[43173645.144868724, 28.409031430538192, 9.896911361257887, 190586235893.37497, 9.563489956178016, 5.550565990210283, 14.532920446411516, 25.807642346432374, 111.06643725215862, 101.08461722892652, -18.812698720083276, 2.1009069759438153, 39.32297288976325, 0.5876878641326219, -2.5627133034003147]",0.95
12,0.9549999999999998
"[43160103.20015246, 3.1379257704482644, 123.21380781465695, 303495474881.32324, 0.44282996856932044, -40.712674138809895, -11.149185702708964, -16.46555589842847, 534.6043317349367, 287.2167363297331, 9.805541683475258, -0.0054693742934036615, -62.07304808751531, 0.5754089779608247, 11.077932424462219]",0.95
12,0.9549999999999998
"[43147128.30794902, 9.100605041452917, 17.440625078454183, 293031695706.43756, 5.105241103645705, -193.68655640583899, 10.104391975647864, -47.470247824618234, 199.20040967713575, 111.23668964547205, 5.236852098226183, 1.373314536438739, -10.61389769491267, 0.5051801669774981, -0.7647839018188085]",0.95
12,0.9549999999999998
"[43125474.504624784, 10.48404579323139, 53.32258187154544, 271462573988.56232, 2.378353914631023, -5.921496486498629, -3.183251441642793, 2.5651797057489283, 434.7081832152704, 222.55622858946793, 4.9960583925612, 0.5436088578723565, -29.87764991361216, 0.6598223026887808, 7.945865271416482]",0.95
12,0.9549999999999998
"[43124958.94517358, 17.164868546104724, 59.921625058121265, 356310450144.56165, 12.405715603777072, 9.371069452002072, 6.332167059510773, -18.394773638680324, 236.17721490539145, 75.471208671484, 8.50401387984262, 0.8091375484237437, -13.433518352897035, 0.40457618446770627, -0.404748190254967]",0.95
12,0.9549999999999998
"[43124764.9028461, 14.045637783795849, 163.46574150011818, 148161905899.5345, 4.3138778606927515, 84.37723979758975, 4.420922083387886, -23.186019900569065, 170.9160928008534, 183.33229104383645, 0.18657510164707888, 1.1890065013461066, -32.884150944036435, 0.29839217610514635, 7.945865271416482]",0.95
12,0.9549999999999998
12,0.9549999999999998
"[43351150.61775761, 35.81969139559243, 206.77702653557344, 437374540839.85144, 28.71577369610841, 81.83530888903452, 3.7075520420953874, -20.907056115261955, 113.62061778088719, 44.16487411988035, -16.537737730625718, 3.1801601265547355, 42.848282722359244, -0.06602012943905605, -9.7458254479989]",0.95
12,0.9549999999999998
"[43344016.45990525, 46.29826949587898, 4.681409140570992, 435896174803.7505, 12.65210640337587, 158.09912962663532, 31.096270576225244, 39.417808351514495, 405.04811776739325, -41.48747842342004, -50.16135800042407, 0.43183930312989594, -8.297816048901243, 0.5595449710035033, -0.28062864738171456]",0.95
12,0.9549999999999998
"[43334392.26188663, -8.219898721895792, 123.57500686987993, 574856907119.6311, 3.563992767164432, -286.6898135449287, -33.59158216724246, -82.65799993117136, 927.8936961658488, 390.21647760977004, 20.351723354660724, 2.22623271620271, -46.35379630560354, 0.5323051653113693, 10.417176479051196]",0.95
12,0.9549999999999998
"[43217400.77938344, 21.81680304233823, 16.46900385255842, 426289118790.0338, 4.638360680285713, 7.861044041347583, 19.713949980106598, -8.924969555730735, 461.7490482729104, 40.50441341708027, -15.65900255617244, -0.8268905619794809, -62.07304808751531, 0.5924270365748363, 4.813798118370703]",0.95
12,0.9549999999999998
"[43214714.394090675, 0.5886990943942361, 182.06910126410932, 357842172196.9088, 0.05798387473842692, 18.120673806646053, -27.08126772034806, -11.640487392437045, 780.5081150354004, 397.87912465722223, 11.713019216973874, 0.29342235031565195, -72.91728419207375, 0.5744762816195099, 16.903914898725468]",0.95
12,0.9549999999999998
"[43212389.41853478, 0.06273251411139569, 140.70288503286375, 381848629224.12756, 1.472750826829953, -66.00960023733062, -21.445467951121064, -34.86279603655266, 698.0257395247942, 340.73051860405883, 14.027292889215566, 0.9303276329941115, -57.33618229612759, 0.5418716793683735, 13.05375194204386]",0.95
12,0.9549999999999998
"[43181120.497261874, 24.340355000295045, 77.87281580301007, 323180676613.7456, 15.966449037160853, -6.445937887284135, 12.94560753289561, -15.538022130493644, 84.4139198469868, 36.93708607943263, -4.38290962546353, 1.4929980300456573, 11.666572501693452, 0.29839217610514635, -5.408125651958532]",0.95
12,0.9549999999999998
"[43173645.144868724, 28.409031430538192, 9.896911361257887, 190586235893.37497, 9.563489956178016, 5.550565990210283, 14.532920446411516, 25.807642346432374, 111.06643725215862, 101.08461722892652, -18.812698720083276, 2.1009069759438153, 39.32297288976325, 0.5876878641326219, -2.5627133034003147]",0.95
12,0.9549999999999998
"[43160103.20015246, 3.1379257704482644, 123.21380781465695, 303495474881.32324, 0.44282996856932044, -40.712674138809895, -11.149185702708964, -16.46555589842847, 534.6043317349367, 287.2167363297331, 9.805541683475258, -0.0054693742934036615, -62.07304808751531, 0.5754089779608247, 11.077932424462219]",0.95
12,0.9549999999999998
13,0.9549999999999998
"[43351150.61775761, 35.81969139559243, 206.77702653557344, 437374540839.85144, 28.71577369610841, 81.83530888903452, 3.7075520420953874, -20.907056115261955, 113.62061778088719, 44.16487411988035, -16.537737730625718, 3.1801601265547355, 42.848282722359244, -0.06602012943905605, -9.7458254479989]",0.95
13,0.9549999999999998
"[43344016.45990525, 46.29826949587898, 4.681409140570992, 435896174803.7505, 12.65210640337587, 158.09912962663532, 31.096270576225244, 39.417808351514495, 405.04811776739325, -41.48747842342004, -50.16135800042407, 0.43183930312989594, -8.297816048901243, 0.5595449710035033, -0.28062864738171456]",0.95
13,0.9549999999999998
"[43334392.26188663, -8.219898721895792, 123.57500686987993, 574856907119.6311, 3.563992767164432, -286.6898135449287, -33.59158216724246, -82.65799993117136, 927.8936961658488, 390.21647760977004, 20.351723354660724, 2.22623271620271, -46.35379630560354, 0.5323051653113693, 10.417176479051196]",0.95
13,0.9549999999999998
"[43217400.77938344, 21.81680304233823, 16.46900385255842, 426289118790.0338, 4.638360680285713, 7.861044041347583, 19.713949980106598, -8.924969555730735, 461.7490482729104, 40.50441341708027, -15.65900255617244, -0.8268905619794809, -62.07304808751531, 0.5924270365748363, 4.813798118370703]",0.95
13,0.9549999999999998
"[43214714.394090675, 0.5886990943942361, 182.06910126410932, 357842172196.9088, 0.05798387473842692, 18.120673806646053, -27.08126772034806, -11.640487392437045, 780.5081150354004, 397.87912465722223, 11.713019216973874, 0.29342235031565195, -72.91728419207375, 0.5744762816195099, 16.903914898725468]",0.95
13,0.9549999999999998
"[43212389.41853478, 0.06273251411139569, 140.70288503286375, 381848629224.12756, 1.472750826829953, -66.00960023733062, -21.445467951121064, -34.86279603655266, 698.0257395247942, 340.73051860405883, 14.027292889215566, 0.9303276329941115, -57.33618229612759, 0.5418716793683735, 13.05375194204386]",0.95
13,0.9549999999999998
"[43181120.497261874, 24.340355000295045, 77.87281580301007, 323180676613.7456, 15.966449037160853, -6.445937887284135, 12.94560753289561, -15.538022130493644, 84.4139198469868, 36.93708607943263, -4.38290962546353, 1.4929980300456573, 11.666572501693452, 0.29839217610514635, -5.408125651958532]",0.95
13,0.9549999999999998
"[43173645.144868724, 28.409031430538192, 9.896911361257887, 190586235893.37497, 9.563489956178016, 5.550565990210283, 14.532920446411516, 25.807642346432374, 111.06643725215862, 101.08461722892652, -18.812698720083276, 2.1009069759438153, 39.32297288976325, 0.5876878641326219, -2.5627133034003147]",0.95
13,0.9549999999999998
"[43160103.20015246, 3.1379257704482644, 123.21380781465695, 303495474881.32324, 0.44282996856932044, -40.712674138809895, -11.149185702708964, -16.46555589842847, 534.6043317349367, 287.2167363297331, 9.805541683475258, -0.0054693742934036615, -62.07304808751531, 0.5754089779608247, 11.077932424462219]",0.95
13,0.9549999999999998
13,0.9549999999999998
"[43351150.61775761, 35.81969139559243, 206.77702653557344, 437374540839.85144, 28.71577369610841, 81.83530888903452, 3.7075520420953874, -20.907056115261955, 113.62061778088719, 44.16487411988035, -16.537737730625718, 3.1801601265547355, 42.848282722359244, -0.06602012943905605, -9.7458254479989]",0.95
13,0.9549999999999998
"[43344016.45990525, 46.29826949587898, 4.681409140570992, 435896174803.7505, 12.65210640337587, 158.09912962663532, 31.096270576225244, 39.417808351514495, 405.04811776739325, -41.48747842342004, -50.16135800042407, 0.43183930312989594, -8.297816048901243, 0.5595449710035033, -0.28062864738171456]",0.95
13,0.9549999999999998
"[43334392.26188663, -8.219898721895792, 123.57500686987993, 574856907119.6311, 3.563992767164432, -286.6898135449287, -33.59158216724246, -82.65799993117136, 927.8936961658488, 390.21647760977004, 20.351723354660724, 2.22623271620271, -46.35379630560354, 0.5323051653113693, 10.417176479051196]",0.95
13,0.9549999999999998
"[43334392.26188663, -8.219898721895792, 123.57500686987993, 574856907119.6311, 3.563992767164432, -286.6898135449287, -33.59158216724246, -82.65799993117136, 927.8936961658488, 390.21647760977004, 20.351723354660724, 2.22623271620271, -46.35379630560354, 0.5323051653113693, 10.417176479051196]",0.95
13,0.9549999999999998
"[43217400.77938344, 21.81680304233823, 16.46900385255842, 426289118790.0338, 4.638360680285713, 7.861044041347583, 19.713949980106598, -8.924969555730735, 461.7490482729104, 40.50441341708027, -15.65900255617244, -0.8268905619794809, -62.07304808751531, 0.5924270365748363, 4.813798118370703]",0.95
13,0.9549999999999998
"[43217400.77938344, 21.81680304233823, 16.46900385255842, 426289118790.0338, 4.638360680285713, 7.861044041347583, 19.713949980106598, -8.924969555730735, 461.7490482729104, 40.50441341708027, -15.65900255617244, -0.8268905619794809, -62.07304808751531, 0.5924270365748363, 4.813798118370703]",0.95
13,0.9549999999999998
"[43214714.394090675, 0.5886990943942361, 182.06910126410932, 357842172196.9088, 0.05798387473842692, 18.120673806646053, -27.08126772034806, -11.640487392437045, 780.5081150354004, 397.87912465722223, 11.713019216973874, 0.29342235031565195, -72.91728419207375, 0.5744762816195099, 16.903914898725468]",0.95
13,0.9549999999999998
"[43214714.394090675, 0.5886990943942361, 182.06910126410932, 357842172196.9088, 0.05798387473842692, 18.120673806646053, -27.08126772034806, -11.640487392437045, 780.5081150354004, 397.87912465722223, 11.713019216973874, 0.29342235031565195, -72.91728419207375, 0.5744762816195099, 16.903914898725468]",0.95
13,0.9549999999999998
"[43212389.41853478, 0.06273251411139569, 140.70288503286375, 381848629224.12756, 1.472750826829953, -66.00960023733062, -21.445467951121064, -34.86279603655266, 698.0257395247942, 340.73051860405883, 14.027292889215566, 0.9303276329941115, -57.33618229612759, 0.5418716793683735, 13.05375194204386]",0.95
13,0.9549999999999998
13,0.9549999999999998
"[43518599.86826224, 45.93828752071894, 342.35954231703965, 574677221581.0815, 41.49963749301622, 184.5470595222569, -8.779128233674562, -27.818105519775997, 198.98061836415823, 65.63158521257523, -25.397158258720573, 4.79732748550498, 68.36701293578656, -0.4298740418442895, -12.765688333443368]",0.95
13,0.9549999999999998
"[43444590.791222796, 49.41542144437839, 45.10991358052965, 567656144520.0718, 13.397263692372324, 223.82374783601418, 26.612789269460908, 38.49780222676607, 664.472333596676, -21.85099768212521, -58.58141094129229, 0.045481317813031386, -35.23975124041124, 0.5249146416052163, 3.979320250358624]",0.95
13,0.9549999999999998
"[43397700.102147534, 4.020834504874594, 117.68120951388622, 579660435126.4895, 7.570865628709512, -211.57077075228477, -27.90042186918313, -58.48661097754873, 899.5432309130903, 349.2205316895199, 3.100545632534896, 2.855597648757399, -19.46618028629649, 0.5158641325257027, 7.8699630961749865]",0.95
13,0.9549999999999998
"[43351150.61775761, 35.81969139559243, 206.77702653557344, 437374540839.85144, 28.71577369610841, 81.83530888903452, 3.7075520420953874, -20.907056115261955, 113.62061778088719, 44.16487411988035, -16.537737730625718, 3.1801601265547355, 42.848282722359244, -0.06602012943905605, -9.7458254479989]",0.95
13,0.9549999999999998
"[43344016.45990525, 46.29826949587898, 4.681409140570992, 435896174803.7505, 12.65210640337587, 158.09912962663532, 31.096270576225244, 39.417808351514495, 405.04811776739325, -41.48747842342004, -50.16135800042407, 0.43183930312989594, -8.297816048901243, 0.5595449710035033, -0.28062864738171456]",0.95
13,0.9549999999999998
"[43334392.26188663, -8.219898721895792, 123.57500686987993, 574856907119.6311, 3.563992767164432, -286.6898135449287, -33.59158216724246, -82.65799993117136, 927.8936961658488, 390.21647760977004, 20.351723354660724, 2.22623271620271, -46.35379630560354, 0.5323051653113693, 10.417176479051196]",0.95
13,0.9549999999999998
"[43334392.26188663, -8.219898721895792, 123.57500686987993, 574856907119.6311, 3.563992767164432, -286.6898135449287, -33.59158216724246, -82.65799993117136, 927.8936961658488, 390.21647760977004, 20.351723354660724, 2.22623271620271, -46.35379630560354, 0.5323051653113693, 10.417176479051196]",0.95
13,0.9549999999999998
"[43217400.77938344, 21.81680304233823, 16.46900385255842, 426289118790.0338, 4.638360680285713, 7.861044041347583, 19.713949980106598, -8.924969555730735, 461.7490482729104, 40.50441341708027, -15.65900255617244, -0.8268905619794809, -62.07304808751531, 0.5924270365748363, 4.813798118370703]",0.95
13,0.9549999999999998
"[43217400.77938344, 21.81680304233823, 16.46900385255842, 426289118790.0338, 4.638360680285713, 7.861044041347583, 19.713949980106598, -8.924969555730735, 461.7490482729104, 40.50441341708027, -15.65900255617244, -0.8268905619794809, -62.07304808751531, 0.5924270365748363, 4.813798118370703]",0.95
13,0.9549999999999998
14,0.9549999999999998
"[43518599.86826224, 45.93828752071894, 342.35954231703965, 574677221581.0815, 41.49963749301622, 184.5470595222569, -8.779128233674562, -27.818105519775997, 198.98061836415823, 65.63158521257523, -25.397158258720573, 4.79732748550498, 68.36701293578656, -0.4298740418442895, -12.765688333443368]",0.95
14,0.9549999999999998
"[43444590.791222796, 49.41542144437839, 45.10991358052965, 567656144520.0718, 13.397263692372324, 223.82374783601418, 26.612789269460908, 38.49780222676607, 664.472333596676, -21.85099768212521, -58.58141094129229, 0.045481317813031386, -35.23975124041124, 0.5249146416052163, 3.979320250358624]",0.95
14,0.9549999999999998
"[43397700.102147534, 4.020834504874594, 117.68120951388622, 579660435126.4895, 7.570865628709512, -211.57077075228477, -27.90042186918313, -58.48661097754873, 899.5432309130903, 349.2205316895199, 3.100545632534896, 2.855597648757399, -19.46618028629649, 0.5158641325257027, 7.8699630961749865]",0.95
14,0.9549999999999998
"[43351150.61775761, 35.81969139559243, 206.77702653557344, 437374540839.85144, 28.71577369610841, 81.83530888903452, 3.7075520420953874, -20.907056115261955, 113.62061778088719, 44.16487411988035, -16.537737730625718, 3.1801601265547355, 42.848282722359244, -0.06602012943905605, -9.7458254479989]",0.95
14,0.9549999999999998
"[43344016.45990525, 46.29826949587898, 4.681409140570992, 435896174803.7505, 12.65210640337587, 158.09912962663532, 31.096270576225244, 39.417808351514495, 405.04811776739325, -41.48747842342004, -50.16135800042407, 0.43183930312989594, -8.297816048901243, 0.5595449710035033, -0.28062864738171456]",0.95
14,0.9549999999999998
"[43334392.26188663, -8.219898721895792, 123.57500686987993, 574856907119.6311, 3.563992767164432, -286.6898135449287, -33.59158216724246, -82.65799993117136, 927.8936961658488, 390.21647760977004, 20.351723354660724, 2.22623271620271, -46.35379630560354, 0.5323051653113693, 10.417176479051196]",0.95
14,0.9549999999999998
"[43334392.26188663, -8.219898721895792, 123.57500686987993, 574856907119.6311, 3.563992767164432, -286.6898135449287, -33.59158216724246, -82.65799993117136, 927.8936961658488, 390.21647760977004, 20.351723354660724, 2.22623271620271, -46.35379630560354, 0.5323051653113693, 10.417176479051196]",0.95
14,0.9549999999999998
"[43217400.77938344, 21.81680304233823, 16.46900385255842, 426289118790.0338, 4.638360680285713, 7.861044041347583, 19.713949980106598, -8.924969555730735, 461.7490482729104, 40.50441341708027, -15.65900255617244, -0.8268905619794809, -62.07304808751531, 0.5924270365748363, 4.813798118370703]",0.95
14,0.9549999999999998
"[43217400.77938344, 21.81680304233823, 16.46900385255842, 426289118790.0338, 4.638360680285713, 7.861044041347583, 19.713949980106598, -8.924969555730735, 461.7490482729104, 40.50441341708027, -15.65900255617244, -0.8268905619794809, -62.07304808751531, 0.5924270365748363, 4.813798118370703]",0.95
14,0.9549999999999998
14,0.9549999999999998
"[43518599.86826224, 45.93828752071894, 342.35954231703965, 574677221581.0815, 41.49963749301622, 184.5470595222569, -8.779128233674562, -27.818105519775997, 198.98061836415823, 65.63158521257523, -25.397158258720573, 4.79732748550498, 68.36701293578656, -0.4298740418442895, -12.765688333443368]",0.95
14,0.9549999999999998
"[43487289.84361676, 14.54946495085456, 142.85017570544676, 431171030000.6048, 11.256095909001107, 169.42983447924854, 8.350431522347346, -1.1208363360470486, 1385.1568794984587, -236.81464639407136, -44.54553850458693, -0.23978926421659763, -11.98649136885739, 0.48686970869031043, 13.284097781995726]",0.95
14,0.9549999999999998
"[43469764.1641818, -4.024247769177389, 177.99131251457254, 752204322838.8289, 4.566965975130149, -198.22522742169423, -39.62629684493939, -83.89631767685127, 1277.0757303706093, 416.64695661478345, 9.018428177856839, 1.706199276714646, -82.61733363773561, 0.48569313710952916, 16.151019084940252]",0.95
14,0.9549999999999998
"[43444590.791222796, 49.41542144437839, 45.10991358052965, 567656144520.0718, 13.397263692372324, 223.82374783601418, 26.612789269460908, 38.49780222676607, 664.472333596676, -21.85099768212521, -58.58141094129229, 0.045481317813031386, -35.23975124041124, 0.5249146416052163, 3.979320250358624]",0.95
14,0.9549999999999998
"[43413126.86211372, 49.41542144437839, 16.46900385255842, 436017102145.99445, 41.49963749301622, -211.57077075228477, -11.836285885864132, -37.174262970643994, 376.26169241667355, 327.4162881291825, 44.58673643264085, -0.05417459134575231, -26.28438987758809, 0.4918434889777514, 3.49346213641044]",0.95
14,0.9549999999999998
"[43397700.102147534, 4.020834504874594, 117.68120951388622, 579660435126.4895, 7.570865628709512, -211.57077075228477, -27.90042186918313, -58.48661097754873, 899.5432309130903, 349.2205316895199, 3.100545632534896, 2.855597648757399, -19.46618028629649, 0.5158641325257027, 7.8699630961749865]",0.95
14,0.9549999999999998
"[43352772.681678616, 26.01245399505663, 70.88530949725104, 603636534509.2316, 5.641333888251429, 96.32563016458207, 13.679235302409667, -10.16328730141064, 810.931082477671, 66.93489242209371, -26.992297732976326, -1.3469240014675448, -98.33658541964738, 0.5458150083729961, 10.547640724259757]",0.95
14,0.9549999999999998
"[43352772.681678616, 26.01245399505663, 70.88530949725104, 603636534509.2316, 5.641333888251429, 96.32563016458207, 13.679235302409667, -10.16328730141064, 810.931082477671, 66.93489242209371, -26.992297732976326, -1.3469240014675448, -98.33658541964738, 0.5458150083729961, 10.547640724259757]",0.95
14,0.9549999999999998
"[43351150.61775761, 35.81969139559243, 206.77702653557344, 437374540839.85144, 28.71577369610841, 81.83530888903452, 3.7075520420953874, -20.907056115261955, 113.62061778088719, 44.16487411988035, -16.537737730625718, 3.1801601265547355, 42.848282722359244, -0.06602012943905605, -9.7458254479989]",0.95
14,0.9549999999999998
14,0.9549999999999998
"[44112238.98334156, 40.81019483838337, 296.68643389453456, 919561863673.4531, 18.14651139466293, 640.1367652741823, 1.378121127925426, 53.10174388825443, 2999.754481219501, -431.5058813499302, -128.4310372298647, -1.3638598095528125, -58.919998827954714, 0.48259539929438644, 34.23099836086817]",0.95
14,0.9549999999999998
"[44100916.736042716, 88.27026625052555, 654.1786894189808, 981708430034.648, 101.65388444098414, 181.48105324313954, -73.29673454514581, -87.10203631213585, 555.5240363901117, 442.14757702755776, 20.829887659156466, 7.962923555230345, 109.97096169426175, -1.2730228810087736, -14.15780053460215]",0.95
14,0.9549999999999998
"[44056310.7992509, 60.166318188651054, 251.86281619452805, 1033113336857.9222, 71.21504716415694, -357.5772071736349, -95.13841231045471, -108.41959061511577, 1618.7027228300676, 890.5218486905812, 75.1318719204978, 2.855597648757399, -49.49505071135315, 0.23400893141202256, 19.81758254088468]",0.95
14,0.9549999999999998
"[43957321.72698077, 41.78486488428867, 173.67236328705695, 1065399481890.5808, 55.15214626457818, -449.1540019410512, -94.10886561791081, -126.76950661119271, 1909.0380828558389, 936.0195507069838, 90.09984961336099, 0.05422684560747015, -138.71415464077614, 0.5755228014596863, 31.183495644077716]",0.95
14,0.9549999999999998
"[43674862.81385172, 71.72798282911589, 69.79360165328299, 616222081088.8242, 66.79222763774024, -269.5946287987602, -38.55707784763631, -57.017936943800926, 662.0601085313227, 542.532768935552, 73.2124296135269, -0.05417459134575231, -38.21804812955202, 0.3798324942577302, 8.241519767599726]",0.95
14,0.9549999999999998
"[43518599.86826224, 45.93828752071894, 342.35954231703965, 574677221581.0815, 41.49963749301622, 184.5470595222569, -8.779128233674562, -27.818105519775997, 198.98061836415823, 65.63158521257523, -25.397158258720573, 4.79732748550498, 68.36701293578656, -0.4298740418442895, -12.765688333443368]",0.95
14,0.9549999999999998
"[43487289.84361676, 14.54946495085456, 142.85017570544676, 431171030000.6048, 11.256095909001107, 169.42983447924854, 8.350431522347346, -1.1208363360470486, 1385.1568794984587, -236.81464639407136, -44.54553850458693, -0.23978926421659763, -11.98649136885739, 0.48686970869031043, 13.284097781995726]",0.95
14,0.9549999999999998
"[43469764.1641818, -4.024247769177389, 177.99131251457254, 752204322838.8289, 4.566965975130149, -198.22522742169423, -39.62629684493939, -83.89631767685127, 1277.0757303706093, 416.64695661478345, 9.018428177856839, 1.706199276714646, -82.61733363773561, 0.48569313710952916, 16.151019084940252]",0.95
14,0.9549999999999998
"[43444590.791222796, 49.41542144437839, 45.10991358052965, 567656144520.0718, 13.397263692372324, 223.82374783601418, 26.612789269460908, 38.49780222676607, 664.472333596676, -21.85099768212521, -58.58141094129229, 0.045481317813031386, -35.23975124041124, 0.5249146416052163, 3.979320250358624]",0.95
14,0.9549999999999998
15,0.9549999999999998
"[44112238.98334156, 40.81019483838337, 296.68643389453456, 919561863673.4531, 18.14651139466293, 640.1367652741823, 1.378121127925426, 53.10174388825443, 2999.754481219501, -431.5058813499302, -128.4310372298647, -1.3638598095528125, -58.919998827954714, 0.48259539929438644, 34.23099836086817]",0.95
15,0.9549999999999998
"[44100916.736042716, 88.27026625052555, 654.1786894189808, 981708430034.648, 101.65388444098414, 181.48105324313954, -73.29673454514581, -87.10203631213585, 555.5240363901117, 442.14757702755776, 20.829887659156466, 7.962923555230345, 109.97096169426175, -1.2730228810087736, -14.15780053460215]",0.95
15,0.9549999999999998
"[44056310.7992509, 60.166318188651054, 251.86281619452805, 1033113336857.9222, 71.21504716415694, -357.5772071736349, -95.13841231045471, -108.41959061511577, 1618.7027228300676, 890.5218486905812, 75.1318719204978, 2.855597648757399, -49.49505071135315, 0.23400893141202256, 19.81758254088468]",0.95
15,0.9549999999999998
"[43957321.72698077, 41.78486488428867, 173.67236328705695, 1065399481890.5808, 55.15214626457818, -449.1540019410512, -94.10886561791081, -126.76950661119271, 1909.0380828558389, 936.0195507069838, 90.09984961336099, 0.05422684560747015, -138.71415464077614, 0.5755228014596863, 31.183495644077716]",0.95
15,0.9549999999999998
"[43674862.81385172, 71.72798282911589, 69.79360165328299, 616222081088.8242, 66.79222763774024, -269.5946287987602, -38.55707784763631, -57.017936943800926, 662.0601085313227, 542.532768935552, 73.2124296135269, -0.05417459134575231, -38.21804812955202, 0.3798324942577302, 8.241519767599726]",0.95
15,0.9549999999999998
"[43518599.86826224, 45.93828752071894, 342.35954231703965, 574677221581.0815, 41.49963749301622, 184.5470595222569, -8.779128233674562, -27.818105519775997, 198.98061836415823, 65.63158521257523, -25.397158258720573, 4.79732748550498, 68.36701293578656, -0.4298740418442895, -12.765688333443368]",0.95
15,0.9549999999999998
"[43487289.84361676, 14.54946495085456, 142.85017570544676, 431171030000.6048, 11.256095909001107, 169.42983447924854, 8.350431522347346, -1.1208363360470486, 1385.1568794984587, -236.81464639407136, -44.54553850458693, -0.23978926421659763, -11.98649136885739, 0.48686970869031043, 13.284097781995726]",0.95
15,0.9549999999999998
"[43469764.1641818, -4.024247769177389, 177.99131251457254, 752204322838.8289, 4.566965975130149, -198.22522742169423, -39.62629684493939, -83.89631767685127, 1277.0757303706093, 416.64695661478345, 9.018428177856839, 1.706199276714646, -82.61733363773561, 0.48569313710952916, 16.151019084940252]",0.95
15,0.9549999999999998
"[43444590.791222796, 49.41542144437839, 45.10991358052965, 567656144520.0718, 13.397263692372324, 223.82374783601418, 26.612789269460908, 38.49780222676607, 664.472333596676, -21.85099768212521, -58.58141094129229, 0.045481317813031386, -35.23975124041124, 0.5249146416052163, 3.979320250358624]",0.95
15,0.9549999999999998
15,0.9549999999999998
"[44265294.61076193, 14.180337187694759, -25.261786377317875, 919561863673.4531, 11.763109831250425, 74.67192040972338, -103.86480438117854, 16.892461829998034, 3515.1070523772273, 1.2314519344906358, 52.602677074472574, 2.8943320683530684, 53.607439061286335, -0.11579544457083146, 20.70840454955293]",0.95
15,0.9549999999999998
"[44112238.98334156, 40.81019483838337, 296.68643389453456, 919561863673.4531, 18.14651139466293, 640.1367652741823, 1.378121127925426, 53.10174388825443, 2999.754481219501, -431.5058813499302, -128.4310372298647, -1.3638598095528125, -58.919998827954714, 0.48259539929438644, 34.23099836086817]",0.95
15,0.9549999999999998
"[44100916.736042716, 88.27026625052555, 654.1786894189808, 981708430034.648, 101.65388444098414, 181.48105324313954, -73.29673454514581, -87.10203631213585, 555.5240363901117, 442.14757702755776, 20.829887659156466, 7.962923555230345, 109.97096169426175, -1.2730228810087736, -14.15780053460215]",0.95
15,0.9549999999999998
"[44056310.7992509, 60.166318188651054, 251.86281619452805, 1033113336857.9222, 71.21504716415694, -357.5772071736349, -95.13841231045471, -108.41959061511577, 1618.7027228300676, 890.5218486905812, 75.1318719204978, 2.855597648757399, -49.49505071135315, 0.23400893141202256, 19.81758254088468]",0.95
15,0.9549999999999998
"[44045561.10442799, 62.344397528572145, 326.3429943395701, 102968337307.80641, 120.6165383466736, -497.7919685171709, 25.051485071564365, -57.017936943800926, 2384.2002649712535, 135.1994082815029, 33.54076093489324, 2.212915470409576, -29.756530718292453, 0.44587576167300114, -20.9965719515358]",0.95
15,0.9549999999999998
"[43957321.72698077, 41.78486488428867, 173.67236328705695, 1065399481890.5808, 55.15214626457818, -449.1540019410512, -94.10886561791081, -126.76950661119271, 1909.0380828558389, 936.0195507069838, 90.09984961336099, 0.05422684560747015, -138.71415464077614, 0.5755228014596863, 31.183495644077716]",0.95
15,0.9549999999999998
"[43957321.72698077, 41.78486488428867, 173.67236328705695, 1065399481890.5808, 55.15214626457818, -449.1540019410512, -94.10886561791081, -126.76950661119271, 1909.0380828558389, 936.0195507069838, 90.09984961336099, 0.05422684560747015, -138.71415464077614, 0.5755228014596863, 31.183495644077716]",0.95
15,0.9549999999999998
"[43674862.81385172, 71.72798282911589, 69.79360165328299, 616222081088.8242, 66.79222763774024, -269.5946287987602, -38.55707784763631, -57.017936943800926, 662.0601085313227, 542.532768935552, 73.2124296135269, -0.05417459134575231, -38.21804812955202, 0.3798324942577302, 8.241519767599726]",0.95
15,0.9549999999999998
"[43674862.81385172, 71.72798282911589, 69.79360165328299, 616222081088.8242, 66.79222763774024, -269.5946287987602, -38.55707784763631, -57.017936943800926, 662.0601085313227, 542.532768935552, 73.2124296135269, -0.05417459134575231, -38.21804812955202, 0.3798324942577302, 8.241519767599726]",0.95
15,0.9549999999999998
15,0.9549999999999998
"[45923810.63244789, 45.466621452562954, 232.21853839537386, 2098466732236.523, 67.32135004197656, 48.78535976869864, -289.6082453956386, -39.15494245887413, 7317.4318854206995, 645.5465158916695, 143.43834680665097, 7.138814363195804, 68.45353986673821, -0.9889680010536479, 55.440923620657074]",0.95
15,0.9549999999999998
"[45894526.203508526, 165.15627400871816, 1199.5618265248295, 2482640586180.258, 219.03727787875408, -222.0393627507721, -286.8265258342615, -261.85636579636866, 3445.4903179804887, 1975.753037740827, 148.3599981324394, 12.980904872842626, 38.737860972698044, -2.0105665340514056, 26.409428839735682]",0.95
15,0.9549999999999998
"[45705880.96432837, 105.9858049368163, 933.549277137774, 691519736858.0354, 203.19187702061203, 35.03298689395746, 13.641313508896005, -19.25385803010434, 7011.733188179765, -349.5882991930962, -92.46860065819226, 2.5457986229674674, -87.841347717985, 0.18806530061293059, 1.121864544292201]",0.95
15,0.9549999999999998
"[45604648.08370929, 46.48539711740073, 277.6440194249649, 2492645861044.687, 69.08621732612279, -383.69219806134146, -314.6193057831705, -175.7516178740638, 6233.252856875088, 1576.3944057979945, 197.03126580448946, 2.4567516018120363, -165.5452118812163, -0.20493882431970556, 85.63951514847318]",0.95
15,0.9549999999999998
"[45398792.503154576, 71.50500211581536, 547.2505535904394, 2497096023429.9624, 127.30238837902012, -970.3802849483161, -287.34093685891946, -319.4135863152545, 5101.5866915323595, 2398.9732353033037, 223.5999719248858, 0.2411680700568149, -355.5358875261757, 0.5045725467835672, 88.06030668525199]",0.95
15,0.9549999999999998
"[44894845.25552244, 146.88717988458853, 470.62431686816933, 645204032641.17, 211.6220506099887, -685.1264230797847, -56.79339849886668, -115.21378040701643, 3162.772425176694, 823.7129095825267, 137.38931426149531, 1.4113523078155543, -70.1634886789204, 0.07762268121584337, -6.872712536503023]",0.95
15,0.9549999999999998
"[44794318.15490825, 118.5857734333518, 207.12659795666423, 1621795831834.0298, 137.7725862060701, -784.9843552846584, -181.9705377412837, -190.83775685950442, 2980.4870732681547, 1748.0479767387706, 208.90712363973455, -2.1542657836879417, -223.04966462634573, 0.6224160231924867, 54.666649622785755]",0.95
15,0.9549999999999998
"[44724881.912270926, 43.62179139051909, 521.3312936432812, 1342964784317.3945, 11.481065045675336, 1233.697060329137, 0.11874539594508349, 110.46382349681652, 5016.41930066975, -894.1496413066432, -242.18122853962575, -2.31276234826346, -87.40372003219449, 0.43048160983232764, 58.42621263233025]",0.95
15,0.9549999999999998
"[44265294.61076193, 14.180337187694759, -25.261786377317875, 919561863673.4531, 11.763109831250425, 74.67192040972338, -103.86480438117854, 16.892461829998034, 3515.1070523772273, 1.2314519344906358, 52.602677074472574, 2.8943320683530684, 53.607439061286335, -0.11579544457083146, 20.70840454955293]",0.95
15,0.9549999999999998
16,0.9549999999999998
"[45923810.63244789, 45.466621452562954, 232.21853839537386, 2098466732236.523, 67.32135004197656, 48.78535976869864, -289.6082453956386, -39.15494245887413, 7317.4318854206995, 645.5465158916695, 143.43834680665097, 7.138814363195804, 68.45353986673821, -0.9889680010536479, 55.440923620657074]",0.95
16,0.9549999999999998
"[45894526.203508526, 165.15627400871816, 1199.5618265248295, 2482640586180.258, 219.03727787875408, -222.0393627507721, -286.8265258342615, -261.85636579636866, 3445.4903179804887, 1975.753037740827, 148.3599981324394, 12.980904872842626, 38.737860972698044, -2.0105665340514056, 26.409428839735682]",0.95
16,0.9549999999999998
"[45705880.96432837, 105.9858049368163, 933.549277137774, 691519736858.0354, 203.19187702061203, 35.03298689395746, 13.641313508896005, -19.25385803010434, 7011.733188179765, -349.5882991930962, -92.46860065819226, 2.5457986229674674, -87.841347717985, 0.18806530061293059, 1.121864544292201]",0.95
16,0.9549999999999998
"[45604648.08370929, 46.48539711740073, 277.6440194249649, 2492645861044.687, 69.08621732612279, -383.69219806134146, -314.6193057831705, -175.7516178740638, 6233.252856875088, 1576.3944057979945, 197.03126580448946, 2.4567516018120363, -165.5452118812163, -0.20493882431970556, 85.63951514847318]",0.95
16,0.9549999999999998
"[45398792.503154576, 71.50500211581536, 547.2505535904394, 2497096023429.9624, 127.30238837902012, -970.3802849483161, -287.34093685891946, -319.4135863152545, 5101.5866915323595, 2398.9732353033037, 223.5999719248858, 0.2411680700568149, -355.5358875261757, 0.5045725467835672, 88.06030668525199]",0.95
16,0.9549999999999998
"[44894845.25552244, 146.88717988458853, 470.62431686816933, 645204032641.17, 211.6220506099887, -685.1264230797847, -56.79339849886668, -115.21378040701643, 3162.772425176694, 823.7129095825267, 137.38931426149531, 1.4113523078155543, -70.1634886789204, 0.07762268121584337, -6.872712536503023]",0.95
16,0.9549999999999998
"[44794318.15490825, 118.5857734333518, 207.12659795666423, 1621795831834.0298, 137.7725862060701, -784.9843552846584, -181.9705377412837, -190.83775685950442, 2980.4870732681547, 1748.0479767387706, 208.90712363973455, -2.1542657836879417, -223.04966462634573, 0.6224160231924867, 54.666649622785755]",0.95
16,0.9549999999999998
"[44724881.912270926, 43.62179139051909, 521.3312936432812, 1342964784317.3945, 11.481065045675336, 1233.697060329137, 0.11874539594508349, 110.46382349681652, 5016.41930066975, -894.1496413066432, -242.18122853962575, -2.31276234826346, -87.40372003219449, 0.43048160983232764, 58.42621263233025]",0.95
16,0.9549999999999998
"[44265294.61076193, 14.180337187694759, -25.261786377317875, 919561863673.4531, 11.763109831250425, 74.67192040972338, -103.86480438117854, 16.892461829998034, 3515.1070523772273, 1.2314519344906358, 52.602677074472574, 2.8943320683530684, 53.607439061286335, -0.11579544457083146, 20.70840454955293]",0.95
16,0.9549999999999998
16,0.9549999999999998
"[46697406.41801245, 15.582499145339426, 425.3537036949081, 1745577796046.2227, 300.67599121985353, -312.06729566454527, -211.80954922342522, 27.490815771127643, 6355.496131059806, 1.2351236721204968, 62.68549926274216, 3.118505735746001, -195.14559365276486, -2.3616366387456136, 28.589481136166786]",0.95
16,0.9549999999999998
"[45923810.63244789, 45.466621452562954, 232.21853839537386, 2098466732236.523, 67.32135004197656, 48.78535976869864, -289.6082453956386, -39.15494245887413, 7317.4318854206995, 645.5465158916695, 143.43834680665097, 7.138814363195804, 68.45353986673821, -0.9889680010536479, 55.440923620657074]",0.95
16,0.9549999999999998
"[45894526.203508526, 165.15627400871816, 1199.5618265248295, 2482640586180.258, 219.03727787875408, -222.0393627507721, -286.8265258342615, -261.85636579636866, 3445.4903179804887, 1975.753037740827, 148.3599981324394, 12.980904872842626, 38.737860972698044, -2.0105665340514056, 26.409428839735682]",0.95
16,0.9549999999999998
"[45705880.96432837, 105.9858049368163, 933.549277137774, 691519736858.0354, 203.19187702061203, 35.03298689395746, 13.641313508896005, -19.25385803010434, 7011.733188179765, -349.5882991930962, -92.46860065819226, 2.5457986229674674, -87.841347717985, 0.18806530061293059, 1.121864544292201]",0.95
16,0.9549999999999998
"[45604648.08370929, 46.48539711740073, 277.6440194249649, 2492645861044.687, 69.08621732612279, -383.69219806134146, -314.6193057831705, -175.7516178740638, 6233.252856875088, 1576.3944057979945, 197.03126580448946, 2.4567516018120363, -165.5452118812163, -0.20493882431970556, 85.63951514847318]",0.95
16,0.9549999999999998
"[45398792.503154576, 71.50500211581536, 547.2505535904394, 2497096023429.9624, 127.30238837902012, -970.3802849483161, -287.34093685891946, -319.4135863152545, 5101.5866915323595, 2398.9732353033037, 223.5999719248858, 0.2411680700568149, -355.5358875261757, 0.5045725467835672, 88.06030668525199]",0.95
16,0.9549999999999998
"[45398792.503154576, 71.50500211581536, 547.2505535904394, 2497096023429.9624, 127.30238837902012, -970.3802849483161, -287.34093685891946, -319.4135863152545, 5101.5866915323595, 2398.9732353033037, 223.5999719248858, 0.2411680700568149, -355.5358875261757, 0.5045725467835672, 88.06030668525199]",0.95
16,0.9549999999999998
"[44894845.25552244, 146.88717988458853, 470.62431686816933, 645204032641.17, 211.6220506099887, -685.1264230797847, -56.79339849886668, -115.21378040701643, 3162.772425176694, 823.7129095825267, 137.38931426149531, 1.4113523078155543, -70.1634886789204, 0.07762268121584337, -6.872712536503023]",0.95
16,0.9549999999999998
"[44894845.25552244, 146.88717988458853, 470.62431686816933, 645204032641.17, 211.6220506099887, -685.1264230797847, -56.79339849886668, -115.21378040701643, 3162.772425176694, 823.7129095825267, 137.38931426149531, 1.4113523078155543, -70.1634886789204, 0.07762268121584337, -6.872712536503023]",0.95
16,0.9549999999999998
16,0.9549999999999998
"[51848120.81201675, -36.64877117887646, 997.2034824322379, 4089668413935.7837, 694.4509791546128, -390.67849816477184, -563.1259850863819, 125.90079519201156, 15349.018693871381, -325.9312702146658, 107.04682359858629, 7.6188487249823975, -470.03706533044976, -6.973313399249329, 81.59352346964596]",0.95
16,0.9549999999999998
"[50553054.802858025, 213.03700888746735, 1674.788742106461, 5584040733791.294, 321.8565917819993, 54.13981579652935, -796.7936124293053, -313.2393189536653, 15261.061573737694, 3008.083130576143, 376.2864297564047, 24.505606638466396, 161.53583384567256, -4.65526886005953, 121.17556961085145]",0.95
16,0.9549999999999998
"[48287495.605084136, 95.99842780218162, 630.8394468804001, 5595984614045.219, 56.380532161073575, -725.4597646892831, -768.9955091104325, -459.7453523849557, 13760.892249731936, 4100.13980349096, 486.3593414706768, 5.217740270975352, -343.29432844023825, -0.3908207155503667, 215.94348140427627]",0.95
16,0.9549999999999998
"[48276833.62779111, 135.06639322963792, 1017.3811105186383, 5208935594100.424, 147.89038190503686, -1232.9815970359355, -700.2786862795758, -553.325777450619, 13031.900823513064, 4487.238562561351, 475.3351538126442, 6.349965878197418, -413.7011428477888, -0.03806141631685467, 189.62351400259718]",0.95
16,0.9549999999999998
"[47751815.49849779, 161.1047738928903, 1332.413125713704, 5607564885293.863, 207.87142024208043, -2252.1472417529503, -698.0113777428567, -833.5844213069993, 10816.055629624723, 6240.665281972984, 555.496778930879, -0.5476804149415706, -837.6905702407028, 1.4554791315203608, 222.24289706719208]",0.95
16,0.9549999999999998
"[46697406.41801245, 15.582499145339426, 425.3537036949081, 1745577796046.2227, 300.67599121985353, -312.06729566454527, -211.80954922342522, 27.490815771127643, 6355.496131059806, 1.2351236721204968, 62.68549926274216, 3.118505735746001, -195.14559365276486, -2.3616366387456136, 28.589481136166786]",0.95
16,0.9549999999999998
"[46377867.78346762, 138.18263377845415, 1291.2185172655418, 81375862882.2273, 274.2739502359113, 467.3994797325547, 130.29359254399822, 97.65807903182252, 9216.62010127209, -1514.6466395062296, -237.34098009108516, 3.9940533659581243, 2.361005315558657, -0.03465801770229743, -32.47413794556974]",0.95
16,0.9549999999999998
"[45923810.63244789, 45.466621452562954, 232.21853839537386, 2098466732236.523, 67.32135004197656, 48.78535976869864, -289.6082453956386, -39.15494245887413, 7317.4318854206995, 645.5465158916695, 143.43834680665097, 7.138814363195804, 68.45353986673821, -0.9889680010536479, 55.440923620657074]",0.95
16,0.9549999999999998
"[45894526.203508526, 165.15627400871816, 1199.5618265248295, 2482640586180.258, 219.03727787875408, -222.0393627507721, -286.8265258342615, -261.85636579636866, 3445.4903179804887, 1975.753037740827, 148.3599981324394, 12.980904872842626, 38.737860972698044, -2.0105665340514056, 26.409428839735682]",0.95
16,0.9549999999999998
17,0.9549999999999998
"[51848120.81201675, -36.64877117887646, 997.2034824322379, 4089668413935.7837, 694.4509791546128, -390.67849816477184, -563.1259850863819, 125.90079519201156, 15349.018693871381, -325.9312702146658, 107.04682359858629, 7.6188487249823975, -470.03706533044976, -6.973313399249329, 81.59352346964596]",0.95
17,0.9549999999999998
"[50553054.802858025, 213.03700888746735, 1674.788742106461, 5584040733791.294, 321.8565917819993, 54.13981579652935, -796.7936124293053, -313.2393189536653, 15261.061573737694, 3008.083130576143, 376.2864297564047, 24.505606638466396, 161.53583384567256, -4.65526886005953, 121.17556961085145]",0.95
17,0.9549999999999998
"[48287495.605084136, 95.99842780218162, 630.8394468804001, 5595984614045.219, 56.380532161073575, -725.4597646892831, -768.9955091104325, -459.7453523849557, 13760.892249731936, 4100.13980349096, 486.3593414706768, 5.217740270975352, -343.29432844023825, -0.3908207155503667, 215.94348140427627]",0.95
17,0.9549999999999998
"[48276833.62779111, 135.06639322963792, 1017.3811105186383, 5208935594100.424, 147.89038190503686, -1232.9815970359355, -700.2786862795758, -553.325777450619, 13031.900823513064, 4487.238562561351, 475.3351538126442, 6.349965878197418, -413.7011428477888, -0.03806141631685467, 189.62351400259718]",0.95
17,0.9549999999999998
"[47751815.49849779, 161.1047738928903, 1332.413125713704, 5607564885293.863, 207.87142024208043, -2252.1472417529503, -698.0113777428567, -833.5844213069993, 10816.055629624723, 6240.665281972984, 555.496778930879, -0.5476804149415706, -837.6905702407028, 1.4554791315203608, 222.24289706719208]",0.95
17,0.9549999999999998
"[46697406.41801245, 15.582499145339426, 425.3537036949081, 1745577796046.2227, 300.67599121985353, -312.06729566454527, -211.80954922342522, 27.490815771127643, 6355.496131059806, 1.2351236721204968, 62.68549926274216, 3.118505735746001, -195.14559365276486, -2.3616366387456136, 28.589481136166786]",0.95
17,0.9549999999999998
"[46377867.78346762, 138.18263377845415, 1291.2185172655418, 81375862882.2273, 274.2739502359113, 467.3994797325547, 130.29359254399822, 97.65807903182252, 9216.62010127209, -1514.6466395062296, -237.34098009108516, 3.9940533659581243, 2.361005315558657, -0.03465801770229743, -32.47413794556974]",0.95
17,0.9549999999999998
"[45923810.63244789, 45.466621452562954, 232.21853839537386, 2098466732236.523, 67.32135004197656, 48.78535976869864, -289.6082453956386, -39.15494245887413, 7317.4318854206995, 645.5465158916695, 143.43834680665097, 7.138814363195804, 68.45353986673821, -0.9889680010536479, 55.440923620657074]",0.95
17,0.9549999999999998
"[45894526.203508526, 165.15627400871816, 1199.5618265248295, 2482640586180.258, 219.03727787875408, -222.0393627507721, -286.8265258342615, -261.85636579636866, 3445.4903179804887, 1975.753037740827, 148.3599981324394, 12.980904872842626, 38.737860972698044, -2.0105665340514056, 26.409428839735682]",0.95
17,0.9549999999999998
17,0.9549999999999998
"[51848120.81201675, 37.380665747698544, 1136.7383506972396, 153783691635.88406, 89.921969408555, -12.304332901882901, -795.5446680018291, -347.0375025957873, 16461.413213092063, 333.17552312948646, 155.12548735868938, -0.05417459134575231, -490.67628551105037, 0.6616876953714104, 196.15310235974405]",0.95
17,0.9549999999999998
"[51848120.81201675, -36.64877117887646, 997.2034824322379, 4089668413935.7837, 694.4509791546128, -390.67849816477184, -563.1259850863819, 125.90079519201156, 15349.018693871381, -325.9312702146658, 107.04682359858629, 7.6188487249823975, -470.03706533044976, -6.973313399249329, 81.59352346964596]",0.95
17,0.9549999999999998
"[50553054.802858025, 213.03700888746735, 1674.788742106461, 5584040733791.294, 321.8565917819993, 54.13981579652935, -796.7936124293053, -313.2393189536653, 15261.061573737694, 3008.083130576143, 376.2864297564047, 24.505606638466396, 161.53583384567256, -4.65526886005953, 121.17556961085145]",0.95
17,0.9549999999999998
"[50553054.802858025, 213.03700888746735, 1674.788742106461, 5584040733791.294, 321.8565917819993, 54.13981579652935, -796.7936124293053, -313.2393189536653, 15261.061573737694, 3008.083130576143, 376.2864297564047, 24.505606638466396, 161.53583384567256, -4.65526886005953, 121.17556961085145]",0.95
17,0.9549999999999998
"[48287495.605084136, 95.99842780218162, 630.8394468804001, 5595984614045.219, 56.380532161073575, -725.4597646892831, -768.9955091104325, -459.7453523849557, 13760.892249731936, 4100.13980349096, 486.3593414706768, 5.217740270975352, -343.29432844023825, -0.3908207155503667, 215.94348140427627]",0.95
17,0.9549999999999998
"[48287495.605084136, 95.99842780218162, 630.8394468804001, 5595984614045.219, 56.380532161073575, -725.4597646892831, -768.9955091104325, -459.7453523849557, 13760.892249731936, 4100.13980349096, 486.3593414706768, 5.217740270975352, -343.29432844023825, -0.3908207155503667, 215.94348140427627]",0.95
17,0.9549999999999998
"[48276833.62779111, 135.06639322963792, 1017.3811105186383, 5208935594100.424, 147.89038190503686, -1232.9815970359355, -700.2786862795758, -553.325777450619, 13031.900823513064, 4487.238562561351, 475.3351538126442, 6.349965878197418, -413.7011428477888, -0.03806141631685467, 189.62351400259718]",0.95
17,0.9549999999999998
"[48276833.62779111, 135.06639322963792, 1017.3811105186383, 5208935594100.424, 147.89038190503686, -1232.9815970359355, -700.2786862795758, -553.325777450619, 13031.900823513064, 4487.238562561351, 475.3351538126442, 6.349965878197418, -413.7011428477888, -0.03806141631685467, 189.62351400259718]",0.95
17,0.9549999999999998
"[47751815.49849779, 161.1047738928903, 1332.413125713704, 5607564885293.863, 207.87142024208043, -2252.1472417529503, -698.0113777428567, -833.5844213069993, 10816.055629624723, 6240.665281972984, 555.496778930879, -0.5476804149415706, -837.6905702407028, 1.4554791315203608, 222.24289706719208]",0.95
17,0.9549999999999998
17,0.9599999999999997
"[43016252.116748355, 15.582499145339426, -64.38800502735884, 162769179357.39154, 3.148046102292807, -123.58819237741005, 28.680912593635266, -7.084957306233882, -57.09938338565479, 1.2314519344906358, 1.1811033255639831, -0.05417459134575231, -8.189177704495357, 0.6616876953714104, -3.7060996771099686]",1.0
17,0.9599999999999997
"[59125388.58247141, 228.03569543629234, 2816.0253661802067, 5388370080725.596, 397.6555700132152, 159.30349068821855, -1592.593417513619, -642.6492310157334, 31252.082901361588, 3236.48422349447, 517.3138072933409, 23.65987390331965, -326.79586992442046, -4.4721758525036375, 316.7343866097315]",0.95
17,0.9599999999999997
"[53785351.178152464, 417.2205403045645, 2729.7426331738225, 11035343935830.795, 178.92373583531707, -1452.705062909544, -1571.5888165486572, -1191.9780660559568, 26700.878476712147, 9829.068843047633, 1024.5979581204035, 30.03292734011289, -200.8741074566492, -1.7438855902451884, 363.7227851204214]",0.95
17,0.9599999999999997
"[51848120.81201675, 37.380665747698544, 1136.7383506972396, 153783691635.88406, 89.921969408555, -12.304332901882901, -795.5446680018291, -347.0375025957873, 16461.413213092063, 333.17552312948646, 155.12548735868938, -0.05417459134575231, -490.67628551105037, 0.6616876953714104, 196.15310235974405]",0.95
17,0.9599999999999997
"[51848120.81201675, -36.64877117887646, 997.2034824322379, 4089668413935.7837, 694.4509791546128, -390.67849816477184, -563.1259850863819, 125.90079519201156, 15349.018693871381, -325.9312702146658, 107.04682359858629, 7.6188487249823975, -470.03706533044976, -6.973313399249329, 81.59352346964596]",0.95
17,0.9599999999999997
"[50553054.802858025, 213.03700888746735, 1674.788742106461, 5584040733791.294, 321.8565917819993, 54.13981579652935, -796.7936124293053, -313.2393189536653, 15261.061573737694, 3008.083130576143, 376.2864297564047, 24.505606638466396, 161.53583384567256, -4.65526886005953, 121.17556961085145]",0.95
17,0.9599999999999997
"[50553054.802858025, 213.03700888746735, 1674.788742106461, 5584040733791.294, 321.8565917819993, 54.13981579652935, -796.7936124293053, -313.2393189536653, 15261.061573737694, 3008.083130576143, 376.2864297564047, 24.505606638466396, 161.53583384567256, -4.65526886005953, 121.17556961085145]",0.95
17,0.9599999999999997
"[49409613.22667805, 193.58568377228087, 1539.3557581316695, 5202963653973.461, 280.62841171549996, -843.1818067930286, -714.1777379390122, -480.0727607349736, 13781.985485515945, 3941.2102261039413, 420.29869795550803, 15.993899061942955, -161.286061704833, -2.1702854885714395, 142.2395581058847]",0.95
17,0.9599999999999997
"[48287495.605084136, 95.99842780218162, 630.8394468804001, 5595984614045.219, 56.380532161073575, -725.4597646892831, -768.9955091104325, -459.7453523849557, 13760.892249731936, 4100.13980349096, 486.3593414706768, 5.217740270975352, -343.29432844023825, -0.3908207155503667, 215.94348140427627]",0.95
17,0.9599999999999997
18,0.9599999999999997
"[43016252.116748355, 15.582499145339426, -64.38800502735884, 162769179357.39154, 3.148046102292807, -123.58819237741005, 28.680912593635266, -7.084957306233882, -57.09938338565479, 1.2314519344906358, 1.1811033255639831, -0.05417459134575231, -8.189177704495357, 0.6616876953714104, -3.7060996771099686]",1.0
18,0.9599999999999997
"[59125388.58247141, 228.03569543629234, 2816.0253661802067, 5388370080725.596, 397.6555700132152, 159.30349068821855, -1592.593417513619, -642.6492310157334, 31252.082901361588, 3236.48422349447, 517.3138072933409, 23.65987390331965, -326.79586992442046, -4.4721758525036375, 316.7343866097315]",0.95
18,0.9599999999999997
"[53785351.178152464, 417.2205403045645, 2729.7426331738225, 11035343935830.795, 178.92373583531707, -1452.705062909544, -1571.5888165486572, -1191.9780660559568, 26700.878476712147, 9829.068843047633, 1024.5979581204035, 30.03292734011289, -200.8741074566492, -1.7438855902451884, 363.7227851204214]",0.95
18,0.9599999999999997
"[51848120.81201675, 37.380665747698544, 1136.7383506972396, 153783691635.88406, 89.921969408555, -12.304332901882901, -795.5446680018291, -347.0375025957873, 16461.413213092063, 333.17552312948646, 155.12548735868938, -0.05417459134575231, -490.67628551105037, 0.6616876953714104, 196.15310235974405]",0.95
18,0.9599999999999997
"[51848120.81201675, -36.64877117887646, 997.2034824322379, 4089668413935.7837, 694.4509791546128, -390.67849816477184, -563.1259850863819, 125.90079519201156, 15349.018693871381, -325.9312702146658, 107.04682359858629, 7.6188487249823975, -470.03706533044976, -6.973313399249329, 81.59352346964596]",0.95
18,0.9599999999999997
"[50553054.802858025, 213.03700888746735, 1674.788742106461, 5584040733791.294, 321.8565917819993, 54.13981579652935, -796.7936124293053, -313.2393189536653, 15261.061573737694, 3008.083130576143, 376.2864297564047, 24.505606638466396, 161.53583384567256, -4.65526886005953, 121.17556961085145]",0.95
18,0.9599999999999997
"[50553054.802858025, 213.03700888746735, 1674.788742106461, 5584040733791.294, 321.8565917819993, 54.13981579652935, -796.7936124293053, -313.2393189536653, 15261.061573737694, 3008.083130576143, 376.2864297564047, 24.505606638466396, 161.53583384567256, -4.65526886005953, 121.17556961085145]",0.95
18,0.9599999999999997
"[49409613.22667805, 193.58568377228087, 1539.3557581316695, 5202963653973.461, 280.62841171549996, -843.1818067930286, -714.1777379390122, -480.0727607349736, 13781.985485515945, 3941.2102261039413, 420.29869795550803, 15.993899061942955, -161.286061704833, -2.1702854885714395, 142.2395581058847]",0.95
18,0.9599999999999997
"[48287495.605084136, 95.99842780218162, 630.8394468804001, 5595984614045.219, 56.380532161073575, -725.4597646892831, -768.9955091104325, -459.7453523849557, 13760.892249731936, 4100.13980349096, 486.3593414706768, 5.217740270975352, -343.29432844023825, -0.3908207155503667, 215.94348140427627]",0.95
18,0.9599999999999997
18,0.9599999999999997
"[43016252.116748355, 15.582499145339426, -64.38800502735884, 162769179357.39154, 3.148046102292807, -123.58819237741005, 28.680912593635266, -7.084957306233882, -57.09938338565479, 1.2314519344906358, 1.1811033255639831, -0.05417459134575231, -8.189177704495357, 0.6616876953714104, -3.7060996771099686]",1.0
18,0.9599999999999997
"[59125388.58247141, 228.03569543629234, 2816.0253661802067, 5388370080725.596, 397.6555700132152, 159.30349068821855, -1592.593417513619, -642.6492310157334, 31252.082901361588, 3236.48422349447, 517.3138072933409, 23.65987390331965, -326.79586992442046, -4.4721758525036375, 316.7343866097315]",0.95
18,0.9599999999999997
"[53785351.178152464, 417.2205403045645, 2729.7426331738225, 11035343935830.795, 178.92373583531707, -1452.705062909544, -1571.5888165486572, -1191.9780660559568, 26700.878476712147, 9829.068843047633, 1024.5979581204035, 30.03292734011289, -200.8741074566492, -1.7438855902451884, 363.7227851204214]",0.95
18,0.9599999999999997
"[51848120.81201675, 37.380665747698544, 1136.7383506972396, 153783691635.88406, 89.921969408555, -12.304332901882901, -795.5446680018291, -347.0375025957873, 16461.413213092063, 333.17552312948646, 155.12548735868938, -0.05417459134575231, -490.67628551105037, 0.6616876953714104, 196.15310235974405]",0.95
18,0.9599999999999997
"[51848120.81201675, -36.64877117887646, 997.2034824322379, 4089668413935.7837, 694.4509791546128, -390.67849816477184, -563.1259850863819, 125.90079519201156, 15349.018693871381, -325.9312702146658, 107.04682359858629, 7.6188487249823975, -470.03706533044976, -6.973313399249329, 81.59352346964596]",0.95
18,0.9599999999999997
"[51848120.81201675, -36.64877117887646, 997.2034824322379, 4089668413935.7837, 694.4509791546128, -390.67849816477184, -563.1259850863819, 125.90079519201156, 15349.018693871381, -325.9312702146658, 107.04682359858629, 7.6188487249823975, -470.03706533044976, -6.973313399249329, 81.59352346964596]",0.95
18,0.9599999999999997
"[51848120.81201675, -68.81199604053353, 2509.9470913427353, 1872774693494.282, 95.04871532593867, -150.18848074628687, 28.680912593635266, -627.9650914959998, 13260.474296285838, 836.2233865578173, 484.80248066060443, 22.320361665454882, 225.56818668554618, -6.594528772178232, 109.66441846559917]",0.95
18,0.9599999999999997
"[50553054.802858025, 213.03700888746735, 1674.788742106461, 5584040733791.294, 321.8565917819993, 54.13981579652935, -796.7936124293053, -313.2393189536653, 15261.061573737694, 3008.083130576143, 376.2864297564047, 24.505606638466396, 161.53583384567256, -4.65526886005953, 121.17556961085145]",0.95
18,0.9599999999999997
"[50553054.802858025, 213.03700888746735, 1674.788742106461, 5584040733791.294, 321.8565917819993, 54.13981579652935, -796.7936124293053, -313.2393189536653, 15261.061573737694, 3008.083130576143, 376.2864297564047, 24.505606638466396, 161.53583384567256, -4.65526886005953, 121.17556961085145]",0.95
18,0.9599999999999997
18,0.9599999999999997
"[43016252.116748355, 15.582499145339426, -64.38800502735884, 162769179357.39154, 3.148046102292807, -123.58819237741005, 28.680912593635266, -7.084957306233882, -57.09938338565479, 1.2314519344906358, 1.1811033255639831, -0.05417459134575231, -8.189177704495357, 0.6616876953714104, -3.7060996771099686]",1.0
18,0.9599999999999997
"[70126848.1622827, 608.5794216865982, 5528.708398220062, 8393479734066.895, 108.98572347913137, 890.5907667852475, -3087.3790344030813, -1679.3280802384106, 54999.210077159216, 8447.531500689105, 1124.811809118566, 49.940974882508, -104.78701730240044, -2.7119707696295308, 641.8874526490958]",0.95
18,0.9599999999999997
"[59125388.58247141, 228.03569543629234, 2816.0253661802067, 5388370080725.596, 397.6555700132152, 159.30349068821855, -1592.593417513619, -642.6492310157334, 31252.082901361588, 3236.48422349447, 517.3138072933409, 23.65987390331965, -326.79586992442046, -4.4721758525036375, 316.7343866097315]",0.95
18,0.9599999999999997
"[55616522.15507161, 62.0784836921882, 1866.791855999154, 6800304191152.754, 853.8052519944672, -301.8144940778015, -975.8632475978552, -27.17638563170523, 23008.09917243311, 1177.4945691061712, 294.59948681400795, 19.898739339888557, -385.1745595553652, -9.631791676964818, 144.03435811362712]",0.95
18,0.9599999999999997
"[54968989.15049225, 186.92137372535922, 2205.5844858362634, 7547490351080.504, 667.5080583081617, -79.40533709715248, -1092.697061269316, -246.74644270454212, 22964.120612366267, 2844.5017695015636, 429.2192898929162, 28.3421182966305, -69.38810996730629, -8.472769407369926, 163.82538118422974]",0.95
18,0.9599999999999997
"[54910940.854018345, 183.73694941288232, 2186.4618080214977, 7491505808700.2295, 666.9177054034278, -83.56255769872499, -1084.1365947188124, -241.50394659890074, 22831.216651235358, 2798.755611753266, 424.3728425738326, 28.029149959300888, -74.57109406099715, -8.44005639389037, 162.5054910926313]",0.95
18,0.9599999999999997
"[53797205.21245793, -17.748498591617647, 2959.7137110389067, 3274763873438.8154, 177.46958801462745, -104.2264325568422, -184.79416253988904, -707.1393402147296, 17221.88735278016, 1613.8220507874034, 581.8080638923626, 28.671740156694653, 269.460588563973, -7.9695411629249495, 141.95993204708324]",0.95
18,0.9599999999999997
"[53785351.178152464, 417.2205403045645, 2729.7426331738225, 11035343935830.795, 178.92373583531707, -1452.705062909544, -1571.5888165486572, -1191.9780660559568, 26700.878476712147, 9829.068843047633, 1024.5979581204035, 30.03292734011289, -200.8741074566492, -1.7438855902451884, 363.7227851204214]",0.95
18,0.9599999999999997
"[51848120.81201675, 37.380665747698544, 1136.7383506972396, 153783691635.88406, 89.921969408555, -12.304332901882901, -795.5446680018291, -347.0375025957873, 16461.413213092063, 333.17552312948646, 155.12548735868938, -0.05417459134575231, -490.67628551105037, 0.6616876953714104, 196.15310235974405]",0.95
18,0.9599999999999997
19,0.9599999999999997
"[43016252.116748355, 15.582499145339426, -64.38800502735884, 162769179357.39154, 3.148046102292807, -123.58819237741005, 28.680912593635266, -7.084957306233882, -57.09938338565479, 1.2314519344906358, 1.1811033255639831, -0.05417459134575231, -8.189177704495357, 0.6616876953714104, -3.7060996771099686]",1.0
19,0.9599999999999997
"[70126848.1622827, 608.5794216865982, 5528.708398220062, 8393479734066.895, 108.98572347913137, 890.5907667852475, -3087.3790344030813, -1679.3280802384106, 54999.210077159216, 8447.531500689105, 1124.811809118566, 49.940974882508, -104.78701730240044, -2.7119707696295308, 641.8874526490958]",0.95
19,0.9599999999999997
"[59125388.58247141, 228.03569543629234, 2816.0253661802067, 5388370080725.596, 397.6555700132152, 159.30349068821855, -1592.593417513619, -642.6492310157334, 31252.082901361588, 3236.48422349447, 517.3138072933409, 23.65987390331965, -326.79586992442046, -4.4721758525036375, 316.7343866097315]",0.95
19,0.9599999999999997
"[55616522.15507161, 62.0784836921882, 1866.791855999154, 6800304191152.754, 853.8052519944672, -301.8144940778015, -975.8632475978552, -27.17638563170523, 23008.09917243311, 1177.4945691061712, 294.59948681400795, 19.898739339888557, -385.1745595553652, -9.631791676964818, 144.03435811362712]",0.95
19,0.9599999999999997
"[54968989.15049225, 186.92137372535922, 2205.5844858362634, 7547490351080.504, 667.5080583081617, -79.40533709715248, -1092.697061269316, -246.74644270454212, 22964.120612366267, 2844.5017695015636, 429.2192898929162, 28.3421182966305, -69.38810996730629, -8.472769407369926, 163.82538118422974]",0.95
19,0.9599999999999997
"[54910940.854018345, 183.73694941288232, 2186.4618080214977, 7491505808700.2295, 666.9177054034278, -83.56255769872499, -1084.1365947188124, -241.50394659890074, 22831.216651235358, 2798.755611753266, 424.3728425738326, 28.029149959300888, -74.57109406099715, -8.44005639389037, 162.5054910926313]",0.95
19,0.9599999999999997
"[53797205.21245793, -17.748498591617647, 2959.7137110389067, 3274763873438.8154, 177.46958801462745, -104.2264325568422, -184.79416253988904, -707.1393402147296, 17221.88735278016, 1613.8220507874034, 581.8080638923626, 28.671740156694653, 269.460588563973, -7.9695411629249495, 141.95993204708324]",0.95
19,0.9599999999999997
"[53785351.178152464, 417.2205403045645, 2729.7426331738225, 11035343935830.795, 178.92373583531707, -1452.705062909544, -1571.5888165486572, -1191.9780660559568, 26700.878476712147, 9829.068843047633, 1024.5979581204035, 30.03292734011289, -200.8741074566492, -1.7438855902451884, 363.7227851204214]",0.95
19,0.9599999999999997
"[51848120.81201675, 37.380665747698544, 1136.7383506972396, 153783691635.88406, 89.921969408555, -12.304332901882901, -795.5446680018291, -347.0375025957873, 16461.413213092063, 333.17552312948646, 155.12548735868938, -0.05417459134575231, -490.67628551105037, 0.6616876953714104, 196.15310235974405]",0.95
19,0.9599999999999997
19,0.9599999999999997
"[43016252.116748355, 15.582499145339426, -64.38800502735884, 162769179357.39154, 3.148046102292807, -123.58819237741005, 28.680912593635266, -7.084957306233882, -57.09938338565479, 1.2314519344906358, 1.1811033255639831, -0.05417459134575231, -8.189177704495357, 0.6616876953714104, -3.7060996771099686]",1.0
19,0.9599999999999997
"[70126848.1622827, 608.5794216865982, 5528.708398220062, 8393479734066.895, 108.98572347913137, 890.5907667852475, -3087.3790344030813, -1679.3280802384106, 54999.210077159216, 8447.531500689105, 1124.811809118566, 49.940974882508, -104.78701730240044, -2.7119707696295308, 641.8874526490958]",0.95
19,0.9599999999999997
"[64800476.2997271, 414.7532062185203, 1598.7370379436654, 11035343935830.795, -28.058049720399993, -4.065716941627883, 363.0807391985468, -1772.1444857833283, 20949.438706289166, -1696.6847403899826, 1079.4556039110275, 11.464266188433571, -490.67628551105037, -3.9684068650076223, 39.03407277447834]",0.95
19,0.9599999999999997
"[59125388.58247141, 228.03569543629234, 2816.0253661802067, 5388370080725.596, 397.6555700132152, 159.30349068821855, -1592.593417513619, -642.6492310157334, 31252.082901361588, 3236.48422349447, 517.3138072933409, 23.65987390331965, -326.79586992442046, -4.4721758525036375, 316.7343866097315]",0.95
19,0.9599999999999997
"[57382685.09680382, 146.98336439632632, 5025.544923619575, 8332324838128.413, 235.76202275031622, -313.9208426590118, -414.9034802926158, 161.09680885438647, 15573.965946286366, 282.1828904090153, 219.3816632398329, 52.06713819440969, -104.78701730240044, -8.583701240688288, 72.02424136626453]",0.95
19,0.9599999999999997
"[55882773.237256266, 300.463870209474, 2205.5844858362634, 7543692015899.939, 178.92373583531707, 126.89808551376666, -2409.914388615458, -446.1308319307623, 39935.86050915229, 13399.479221996566, 856.9904549317482, 11.817176517688617, -413.23544796397914, -13.98303960497384, 289.90707067683314]",0.95
19,0.9599999999999997
"[55616522.15507161, 62.0784836921882, 1866.791855999154, 6800304191152.754, 853.8052519944672, -301.8144940778015, -975.8632475978552, -27.17638563170523, 23008.09917243311, 1177.4945691061712, 294.59948681400795, 19.898739339888557, -385.1745595553652, -9.631791676964818, 144.03435811362712]",0.95
19,0.9599999999999997
"[54968989.15049225, 186.92137372535922, 2205.5844858362634, 7547490351080.504, 667.5080583081617, -79.40533709715248, -1092.697061269316, -246.74644270454212, 22964.120612366267, 2844.5017695015636, 429.2192898929162, 28.3421182966305, -69.38810996730629, -8.472769407369926, 163.82538118422974]",0.95
19,0.9599999999999997
"[54968989.15049225, 186.92137372535922, 2205.5844858362634, 7547490351080.504, 667.5080583081617, -79.40533709715248, -1092.697061269316, -246.74644270454212, 22964.120612366267, 2844.5017695015636, 429.2192898929162, 28.3421182966305, -69.38810996730629, -8.472769407369926, 163.82538118422974]",0.95
19,0.9599999999999997
19,0.9599999999999997
"[43016252.116748355, 15.582499145339426, -64.38800502735884, 162769179357.39154, 3.148046102292807, -123.58819237741005, 28.680912593635266, -7.084957306233882, -57.09938338565479, 1.2314519344906358, 1.1811033255639831, -0.05417459134575231, -8.189177704495357, 0.6616876953714104, -3.7060996771099686]",1.0
19,0.9599999999999997
"[71922513.76224041, 568.8109819570843, 3260.2989941355863, 11460237794914.277, -63.0270558984933, 377.78062369411754, 24.348416304730677, -2388.7431099371606, 28481.113490292726, -4172.658601043745, 1213.3662810044382, 30.526165370843515, -336.452070180259, 1.6671275526646059, 215.024263760612]",0.95
19,0.9599999999999997
"[70126848.1622827, 608.5794216865982, 5528.708398220062, 8393479734066.895, 108.98572347913137, 890.5907667852475, -3087.3790344030813, -1679.3280802384106, 54999.210077159216, 8447.531500689105, 1124.811809118566, 49.940974882508, -104.78701730240044, -2.7119707696295308, 641.8874526490958]",0.95
19,0.9599999999999997
"[66417952.56082102, 474.6945007754994, 7242.112341058039, 7041970185215.686, 240.89575971449122, 735.6632039265536, -3476.3711441486676, -712.7074329195407, 52311.47369715778, 9436.965316088617, 694.7748387829631, 70.24241088549633, 88.15761680192705, -5.019617957469894, 658.3825369449892]",0.95
19,0.9599999999999997
"[64800476.2997271, 414.7532062185203, 1598.7370379436654, 11035343935830.795, -28.058049720399993, -4.065716941627883, 363.0807391985468, -1772.1444857833283, 20949.438706289166, -1696.6847403899826, 1079.4556039110275, 11.464266188433571, -490.67628551105037, -3.9684068650076223, 39.03407277447834]",0.95
19,0.9599999999999997
"[59884732.72510974, 300.83728997194123, 1902.1607618899604, 9291417143455.672, 319.7250042938763, -41.73552701938969, -364.80816103537506, -1009.4454642439451, 21956.7796593277, 573.908514555761, 754.3374469019761, 19.903192242531926, -280.0321977391811, -6.220588136188745, 101.42972697935323]",0.95
19,0.9599999999999997
"[59125388.58247141, 228.03569543629234, 2816.0253661802067, 5388370080725.596, 397.6555700132152, 159.30349068821855, -1592.593417513619, -642.6492310157334, 31252.082901361588, 3236.48422349447, 517.3138072933409, 23.65987390331965, -326.79586992442046, -4.4721758525036375, 316.7343866097315]",0.95
19,0.9599999999999997
"[59125388.58247141, 228.03569543629234, 2816.0253661802067, 5388370080725.596, 397.6555700132152, 159.30349068821855, -1592.593417513619, -642.6492310157334, 31252.082901361588, 3236.48422349447, 517.3138072933409, 23.65987390331965, -326.79586992442046, -4.4721758525036375, 316.7343866097315]",0.95
19,0.9599999999999997
"[58132641.02657761, 70.24311148975147, 6435.525142511248, 8726641249242.655, 264.18116620781615, -534.330306745404, 582.6019738688183, 464.7106292469648, 3393.0186648532417, -6276.465275384845, -99.42273260612887, 72.19211903277048, 49.437198028390924, -5.884032058545477, -36.91717328902119]",0.95
19,0.9599999999999997
20,0.9599999999999997
"[43016252.116748355, 15.582499145339426, -64.38800502735884, 162769179357.39154, 3.148046102292807, -123.58819237741005, 28.680912593635266, -7.084957306233882, -57.09938338565479, 1.2314519344906358, 1.1811033255639831, -0.05417459134575231, -8.189177704495357, 0.6616876953714104, -3.7060996771099686]",1.0
20,0.9599999999999997
"[71922513.76224041, 568.8109819570843, 3260.2989941355863, 11460237794914.277, -63.0270558984933, 377.78062369411754, 24.348416304730677, -2388.7431099371606, 28481.113490292726, -4172.658601043745, 1213.3662810044382, 30.526165370843515, -336.452070180259, 1.6671275526646059, 215.024263760612]",0.95
20,0.9599999999999997
"[70126848.1622827, 608.5794216865982, 5528.708398220062, 8393479734066.895, 108.98572347913137, 890.5907667852475, -3087.3790344030813, -1679.3280802384106, 54999.210077159216, 8447.531500689105, 1124.811809118566, 49.940974882508, -104.78701730240044, -2.7119707696295308, 641.8874526490958]",0.95
20,0.9599999999999997
"[66417952.56082102, 474.6945007754994, 7242.112341058039, 7041970185215.686, 240.89575971449122, 735.6632039265536, -3476.3711441486676, -712.7074329195407, 52311.47369715778, 9436.965316088617, 694.7748387829631, 70.24241088549633, 88.15761680192705, -5.019617957469894, 658.3825369449892]",0.95
20,0.9599999999999997
"[64800476.2997271, 414.7532062185203, 1598.7370379436654, 11035343935830.795, -28.058049720399993, -4.065716941627883, 363.0807391985468, -1772.1444857833283, 20949.438706289166, -1696.6847403899826, 1079.4556039110275, 11.464266188433571, -490.67628551105037, -3.9684068650076223, 39.03407277447834]",0.95
20,0.9599999999999997
"[59884732.72510974, 300.83728997194123, 1902.1607618899604, 9291417143455.672, 319.7250042938763, -41.73552701938969, -364.80816103537506, -1009.4454642439451, 21956.7796593277, 573.908514555761, 754.3374469019761, 19.903192242531926, -280.0321977391811, -6.220588136188745, 101.42972697935323]",0.95
20,0.9599999999999997
"[59125388.58247141, 228.03569543629234, 2816.0253661802067, 5388370080725.596, 397.6555700132152, 159.30349068821855, -1592.593417513619, -642.6492310157334, 31252.082901361588, 3236.48422349447, 517.3138072933409, 23.65987390331965, -326.79586992442046, -4.4721758525036375, 316.7343866097315]",0.95
20,0.9599999999999997
"[59125388.58247141, 228.03569543629234, 2816.0253661802067, 5388370080725.596, 397.6555700132152, 159.30349068821855, -1592.593417513619, -642.6492310157334, 31252.082901361588, 3236.48422349447, 517.3138072933409, 23.65987390331965, -326.79586992442046, -4.4721758525036375, 316.7343866097315]",0.95
20,0.9599999999999997
"[58132641.02657761, 70.24311148975147, 6435.525142511248, 8726641249242.655, 264.18116620781615, -534.330306745404, 582.6019738688183, 464.7106292469648, 3393.0186648532417, -6276.465275384845, -99.42273260612887, 72.19211903277048, 49.437198028390924, -5.884032058545477, -36.91717328902119]",0.95
20,0.9599999999999997
20,0.9599999999999997
"[43016252.116748355, 15.582499145339426, -64.38800502735884, 162769179357.39154, 3.148046102292807, -123.58819237741005, 28.680912593635266, -7.084957306233882, -57.09938338565479, 1.2314519344906358, 1.1811033255639831, -0.05417459134575231, -8.189177704495357, 0.6616876953714104, -3.7060996771099686]",1.0
20,0.9599999999999997
"[86052060.0505238, -266.6414046770247, 4589.479316525595, 6758759456015.025, 529.6060421431455, -345.1572474822771, 269.67645094551176, -1409.5361146644245, 31145.954635268892, 3236.48422349447, 1823.0612884319435, 42.582530861239846, -322.05817682192526, -6.212283956446683, 251.88051134274846]",0.95
20,0.9599999999999997
"[71922513.76224041, 568.8109819570843, 3260.2989941355863, 11460237794914.277, -63.0270558984933, 377.78062369411754, 24.348416304730677, -2388.7431099371606, 28481.113490292726, -4172.658601043745, 1213.3662810044382, 30.526165370843515, -336.452070180259, 1.6671275526646059, 215.024263760612]",0.95
20,0.9599999999999997
"[71741997.10883309, 656.4695464472359, 3682.8121067421853, 8359169172203.208, -412.67303412296695, 1100.7184948705121, 24.348416304730677, -3798.8874258183314, 55617.79091099023, 2258.3471772812472, 279.2801625444034, 49.50167061536047, -153.55153514663388, -8.354757988595498, 592.2642574226408]",0.95
20,0.9599999999999997
"[70126848.1622827, 608.5794216865982, 5528.708398220062, 8393479734066.895, 108.98572347913137, 890.5907667852475, -3087.3790344030813, -1679.3280802384106, 54999.210077159216, 8447.531500689105, 1124.811809118566, 49.940974882508, -104.78701730240044, -2.7119707696295308, 641.8874526490958]",0.95
20,0.9599999999999997
"[66417952.56082102, 474.6945007754994, 7242.112341058039, 7041970185215.686, 240.89575971449122, 735.6632039265536, -3476.3711441486676, -712.7074329195407, 52311.47369715778, 9436.965316088617, 694.7748387829631, 70.24241088549633, 88.15761680192705, -5.019617957469894, 658.3825369449892]",0.95
20,0.9599999999999997
"[64800476.2997271, 414.7532062185203, 1598.7370379436654, 11035343935830.795, -28.058049720399993, -4.065716941627883, 363.0807391985468, -1772.1444857833283, 20949.438706289166, -1696.6847403899826, 1079.4556039110275, 11.464266188433571, -490.67628551105037, -3.9684068650076223, 39.03407277447834]",0.95
20,0.9599999999999997
"[59884732.72510974, 300.83728997194123, 1902.1607618899604, 9291417143455.672, 319.7250042938763, -41.73552701938969, -364.80816103537506, -1009.4454642439451, 21956.7796593277, 573.908514555761, 754.3374469019761, 19.903192242531926, -280.0321977391811, -6.220588136188745, 101.42972697935323]",0.95
20,0.9599999999999997
"[59864728.379994914, 486.72359527375914, 1047.103286635428, 9246854464169.15, 319.7250042938763, 122.06377218719149, 1098.892754410634, -2751.3514810560646, 7426.192580882795, 604.308226751526, 134.89471149283304, 26.81237527588645, -759.415562976562, -2.7119707696295308, 351.79160107525877]",0.95
20,0.9599999999999997
20,0.9599999999999997
"[43016252.116748355, 15.582499145339426, -64.38800502735884, 162769179357.39154, 3.148046102292807, -123.58819237741005, 28.680912593635266, -7.084957306233882, -57.09938338565479, 1.2314519344906358, 1.1811033255639831, -0.05417459134575231, -8.189177704495357, 0.6616876953714104, -3.7060996771099686]",1.0
20,0.9599999999999997
"[112093536.8671514, 603.7908042644076, 8513.580348805275, 14501004467402.826, -501.7648103194674, 1387.8597871586394, 445.3775538556706, -5878.715193467713, 83893.8535870539, 7767.328966343099, 2223.9325778763678, 102.3289326901945, 120.43411359427523, -10.73436532429567, 881.5307055180582]",0.95
20,0.9599999999999997
"[98578664.92316893, 1561.3061436624146, 7841.417292245772, 16732056595093.043, -1218.2735190788567, 2788.8782723416866, -1326.8068594882925, -7545.704880618478, 109243.96886492474, 9728.420333419079, 1337.5773444256506, 100.29747880663237, 228.27695812120152, -8.74396084771265, 1241.6041012386763]",0.95
20,0.9599999999999997
"[98543339.48889974, -614.3534818330495, 3813.2406215953924, 7147996541465.822, 660.3127470222398, -821.4792529445576, 2003.985727644997, -1885.1492876721654, 23806.34548405998, 913.2050503212595, 2514.451690312272, 34.566799137983196, -485.4836317768037, -6.940286966928062, 90.05264346899696]",0.95
20,0.9599999999999997
"[97882265.77427861, 1478.928610045859, 7375.683217813238, 17798544596581.707, -1252.692163802396, 2438.0913187091555, 200.0495192148895, -7496.332919733814, 93514.52526070936, 3269.6775783373873, 1191.3513488182834, 98.863295139974, 188.84427295229747, -7.392134302508949, 1015.4612755697011]",0.95
20,0.9599999999999997
"[97783473.92546068, 1526.901755388668, 7606.9131390218645, 16101414183591.008, -1444.04388658558, 2833.735529511429, 200.0495192148895, -8268.06650462162, 108365.68986277524, 6789.191920129877, 680.1514519888276, 109.24807244431514, 288.9407552695666, -12.876839356444485, 1221.9144515979506]",0.95
20,0.9599999999999997
"[86052060.0505238, -266.6414046770247, 4589.479316525595, 6758759456015.025, 529.6060421431455, -345.1572474822771, 269.67645094551176, -1409.5361146644245, 31145.954635268892, 3236.48422349447, 1823.0612884319435, 42.582530861239846, -322.05817682192526, -6.212283956446683, 251.88051134274846]",0.95
20,0.9599999999999997
"[75426268.17512558, 74.05590077074356, 3094.108177234649, 8897051695922.883, 250.77399621137624, -174.61148221195464, 316.3785950720287, -1590.8403002238742, 26047.696670779093, 769.8997415522742, 1451.25844617149, 27.023398524836903, -406.36723116648676, -5.090345410727167, 145.4572920586147]",0.95
20,0.9599999999999997
"[72200344.42601639, 995.446277409538, 4803.230561686596, 6693437001182.237, -1202.348483128382, 2109.594738980387, 51.028669016990534, -5393.825754659485, 68386.10665440382, 6322.626842136402, 39.791181138900015, 76.91279600621073, 586.9286673391503, -5.8462142694662305, 876.4064639246421]",0.95
20,0.9599999999999997
21,0.9599999999999997
"[43016252.116748355, 15.582499145339426, -64.38800502735884, 162769179357.39154, 3.148046102292807, -123.58819237741005, 28.680912593635266, -7.084957306233882, -57.09938338565479, 1.2314519344906358, 1.1811033255639831, -0.05417459134575231, -8.189177704495357, 0.6616876953714104, -3.7060996771099686]",1.0
21,0.9599999999999997
"[112093536.8671514, 603.7908042644076, 8513.580348805275, 14501004467402.826, -501.7648103194674, 1387.8597871586394, 445.3775538556706, -5878.715193467713, 83893.8535870539, 7767.328966343099, 2223.9325778763678, 102.3289326901945, 120.43411359427523, -10.73436532429567, 881.5307055180582]",0.95
21,0.9599999999999997
"[98578664.92316893, 1561.3061436624146, 7841.417292245772, 16732056595093.043, -1218.2735190788567, 2788.8782723416866, -1326.8068594882925, -7545.704880618478, 109243.96886492474, 9728.420333419079, 1337.5773444256506, 100.29747880663237, 228.27695812120152, -8.74396084771265, 1241.6041012386763]",0.95
21,0.9599999999999997
"[98543339.48889974, -614.3534818330495, 3813.2406215953924, 7147996541465.822, 660.3127470222398, -821.4792529445576, 2003.985727644997, -1885.1492876721654, 23806.34548405998, 913.2050503212595, 2514.451690312272, 34.566799137983196, -485.4836317768037, -6.940286966928062, 90.05264346899696]",0.95
21,0.9599999999999997
"[97882265.77427861, 1478.928610045859, 7375.683217813238, 17798544596581.707, -1252.692163802396, 2438.0913187091555, 200.0495192148895, -7496.332919733814, 93514.52526070936, 3269.6775783373873, 1191.3513488182834, 98.863295139974, 188.84427295229747, -7.392134302508949, 1015.4612755697011]",0.95
21,0.9599999999999997
"[97783473.92546068, 1526.901755388668, 7606.9131390218645, 16101414183591.008, -1444.04388658558, 2833.735529511429, 200.0495192148895, -8268.06650462162, 108365.68986277524, 6789.191920129877, 680.1514519888276, 109.24807244431514, 288.9407552695666, -12.876839356444485, 1221.9144515979506]",0.95
21,0.9599999999999997
"[86052060.0505238, -266.6414046770247, 4589.479316525595, 6758759456015.025, 529.6060421431455, -345.1572474822771, 269.67645094551176, -1409.5361146644245, 31145.954635268892, 3236.48422349447, 1823.0612884319435, 42.582530861239846, -322.05817682192526, -6.212283956446683, 251.88051134274846]",0.95
21,0.9599999999999997
"[75426268.17512558, 74.05590077074356, 3094.108177234649, 8897051695922.883, 250.77399621137624, -174.61148221195464, 316.3785950720287, -1590.8403002238742, 26047.696670779093, 769.8997415522742, 1451.25844617149, 27.023398524836903, -406.36723116648676, -5.090345410727167, 145.4572920586147]",0.95
21,0.9599999999999997
"[72200344.42601639, 995.446277409538, 4803.230561686596, 6693437001182.237, -1202.348483128382, 2109.594738980387, 51.028669016990534, -5393.825754659485, 68386.10665440382, 6322.626842136402, 39.791181138900015, 76.91279600621073, 586.9286673391503, -5.8462142694662305, 876.4064639246421]",0.95
21,0.9599999999999997
21,0.9599999999999997
"[43016252.116748355, 15.582499145339426, -64.38800502735884, 162769179357.39154, 3.148046102292807, -123.58819237741005, 28.680912593635266, -7.084957306233882, -57.09938338565479, 1.2314519344906358, 1.1811033255639831, -0.05417459134575231, -8.189177704495357, 0.6616876953714104, -3.7060996771099686]",1.0
21,0.9599999999999997
"[112093536.8671514, 603.7908042644076, 8513.580348805275, 14501004467402.826, -501.7648103194674, 1387.8597871586394, 445.3775538556706, -5878.715193467713, 83893.8535870539, 7767.328966343099, 2223.9325778763678, 102.3289326901945, 120.43411359427523, -10.73436532429567, 881.5307055180582]",0.95
21,0.9599999999999997
"[112093536.8671514, 603.7908042644076, 8513.580348805275, 14501004467402.826, -501.7648103194674, 1387.8597871586394, 445.3775538556706, -5878.715193467713, 83893.8535870539, 7767.328966343099, 2223.9325778763678, 102.3289326901945, 120.43411359427523, -10.73436532429567, 881.5307055180582]",0.95
21,0.9599999999999997
"[103747683.68066116, 813.2402252019554, 8020.649403212324, 7903896278957.131, 3.148046102292807, 2102.5235669126546, -324.02901526261934, -2156.069142736059, 111672.85655731305, -1881.1285986738267, 2008.2686281023794, 10.612458124660591, 65.25175395508424, -1.2145781165250635, 267.4295795450174]",0.95
21,0.9599999999999997
"[101690129.98713185, 304.8973929957604, 8229.420134494254, 17544496914420.693, 21.261872847091084, 2480.7749276589516, 2060.2316372292667, -1825.5771840984328, 35737.08172974807, 913.2050503212595, 1550.755249163963, 14.55033098019167, 322.27451835424046, -12.876839356444485, 209.86513977344742]",0.95
21,0.9599999999999997
"[98578664.92316893, 1561.3061436624146, 7841.417292245772, 16732056595093.043, -1218.2735190788567, 2788.8782723416866, -1326.8068594882925, -7545.704880618478, 109243.96886492474, 9728.420333419079, 1337.5773444256506, 100.29747880663237, 228.27695812120152, -8.74396084771265, 1241.6041012386763]",0.95
21,0.9599999999999997
"[98578664.92316893, 1561.3061436624146, 7841.417292245772, 16732056595093.043, -1218.2735190788567, 2788.8782723416866, -1326.8068594882925, -7545.704880618478, 109243.96886492474, 9728.420333419079, 1337.5773444256506, 100.29747880663237, 228.27695812120152, -8.74396084771265, 1241.6041012386763]",0.95
21,0.9599999999999997
"[98543339.48889974, -614.3534818330495, 3813.2406215953924, 7147996541465.822, 660.3127470222398, -821.4792529445576, 2003.985727644997, -1885.1492876721654, 23806.34548405998, 913.2050503212595, 2514.451690312272, 34.566799137983196, -485.4836317768037, -6.940286966928062, 90.05264346899696]",0.95
21,0.9599999999999997
"[98543339.48889974, -614.3534818330495, 3813.2406215953924, 7147996541465.822, 660.3127470222398, -821.4792529445576, 2003.985727644997, -1885.1492876721654, 23806.34548405998, 913.2050503212595, 2514.451690312272, 34.566799137983196, -485.4836317768037, -6.940286966928062, 90.05264346899696]",0.95
21,0.9599999999999997
21,0.9649999999999999
"[47949952.01113441, -138.7757660767075, 97.67024303990138, 1285690054046.7363, 529.6092337772365, -482.60259454366053, -136.17583481933627, 284.24929262946995, 7426.192580882795, -1881.1285986738267, -86.96434286492865, -5.08390825749705, -557.8218690873027, -4.223288617755914, 17.002496306678253]",1.0
21,0.9649999999999999
"[43016252.116748355, 15.582499145339426, -64.38800502735884, 162769179357.39154, 3.148046102292807, -123.58819237741005, 28.680912593635266, -7.084957306233882, -57.09938338565479, 1.2314519344906358, 1.1811033255639831, -0.05417459134575231, -8.189177704495357, 0.6616876953714104, -3.7060996771099686]",1.0
21,0.9649999999999999
"[182282361.98364887, 774.4916006378255, 13988.603572472259, 26430887821095.92, -1002.0324681666551, 2228.227353916382, 2213.9608972412952, -11134.843513583242, 136343.94031898963, 14351.47620893606, 5641.46270227079, 165.89717405383433, 347.95619296959245, -13.239070150936847, 1362.46114784354]",0.95
21,0.9649999999999999
"[173690186.40984088, 3159.8717153539237, 18416.93472299243, 35489391829432.15, -3037.1288585718403, 6153.968876174213, -1725.411303528148, -16703.223123101758, 225920.9955882862, 23640.498795055897, 3782.1957996242722, 239.5584201694256, 1186.608540795044, -15.963572752266522, 2608.8131052842286]",0.95
21,0.9649999999999999
"[167898542.0767001, -1069.3983592876098, 11700.673064333125, 21905673500253.477, 841.502217798034, 789.6293402799079, 6012.434484319221, -2708.9926870250656, 27652.848238906605, 1524.4590199985814, 5362.375223620937, 43.73437804529961, 170.30902422823272, -15.80978275865918, -92.45179577181466]",0.95
21,0.9649999999999999
"[112093536.8671514, 603.7908042644076, 8513.580348805275, 14501004467402.826, -501.7648103194674, 1387.8597871586394, 445.3775538556706, -5878.715193467713, 83893.8535870539, 7767.328966343099, 2223.9325778763678, 102.3289326901945, 120.43411359427523, -10.73436532429567, 881.5307055180582]",0.95
21,0.9649999999999999
"[112093536.8671514, 603.7908042644076, 8513.580348805275, 14501004467402.826, -501.7648103194674, 1387.8597871586394, 445.3775538556706, -5878.715193467713, 83893.8535870539, 7767.328966343099, 2223.9325778763678, 102.3289326901945, 120.43411359427523, -10.73436532429567, 881.5307055180582]",0.95
21,0.9649999999999999
"[103747683.68066116, 813.2402252019554, 8020.649403212324, 7903896278957.131, 3.148046102292807, 2102.5235669126546, -324.02901526261934, -2156.069142736059, 111672.85655731305, -1881.1285986738267, 2008.2686281023794, 10.612458124660591, 65.25175395508424, -1.2145781165250635, 267.4295795450174]",0.95
21,0.9649999999999999
"[101690129.98713185, 304.8973929957604, 8229.420134494254, 17544496914420.693, 21.261872847091084, 2480.7749276589516, 2060.2316372292667, -1825.5771840984328, 35737.08172974807, 913.2050503212595, 1550.755249163963, 14.55033098019167, 322.27451835424046, -12.876839356444485, 209.86513977344742]",0.95
21,0.9649999999999999
22,0.9649999999999999
"[47949952.01113441, -138.7757660767075, 97.67024303990138, 1285690054046.7363, 529.6092337772365, -482.60259454366053, -136.17583481933627, 284.24929262946995, 7426.192580882795, -1881.1285986738267, -86.96434286492865, -5.08390825749705, -557.8218690873027, -4.223288617755914, 17.002496306678253]",1.0
22,0.9649999999999999
"[43016252.116748355, 15.582499145339426, -64.38800502735884, 162769179357.39154, 3.148046102292807, -123.58819237741005, 28.680912593635266, -7.084957306233882, -57.09938338565479, 1.2314519344906358, 1.1811033255639831, -0.05417459134575231, -8.189177704495357, 0.6616876953714104, -3.7060996771099686]",1.0
22,0.9649999999999999
"[182282361.98364887, 774.4916006378255, 13988.603572472259, 26430887821095.92, -1002.0324681666551, 2228.227353916382, 2213.9608972412952, -11134.843513583242, 136343.94031898963, 14351.47620893606, 5641.46270227079, 165.89717405383433, 347.95619296959245, -13.239070150936847, 1362.46114784354]",0.95
22,0.9649999999999999
"[173690186.40984088, 3159.8717153539237, 18416.93472299243, 35489391829432.15, -3037.1288585718403, 6153.968876174213, -1725.411303528148, -16703.223123101758, 225920.9955882862, 23640.498795055897, 3782.1957996242722, 239.5584201694256, 1186.608540795044, -15.963572752266522, 2608.8131052842286]",0.95
22,0.9649999999999999
"[167898542.0767001, -1069.3983592876098, 11700.673064333125, 21905673500253.477, 841.502217798034, 789.6293402799079, 6012.434484319221, -2708.9926870250656, 27652.848238906605, 1524.4590199985814, 5362.375223620937, 43.73437804529961, 170.30902422823272, -15.80978275865918, -92.45179577181466]",0.95
22,0.9649999999999999
"[112093536.8671514, 603.7908042644076, 8513.580348805275, 14501004467402.826, -501.7648103194674, 1387.8597871586394, 445.3775538556706, -5878.715193467713, 83893.8535870539, 7767.328966343099, 2223.9325778763678, 102.3289326901945, 120.43411359427523, -10.73436532429567, 881.5307055180582]",0.95
22,0.9649999999999999
"[112093536.8671514, 603.7908042644076, 8513.580348805275, 14501004467402.826, -501.7648103194674, 1387.8597871586394, 445.3775538556706, -5878.715193467713, 83893.8535870539, 7767.328966343099, 2223.9325778763678, 102.3289326901945, 120.43411359427523, -10.73436532429567, 881.5307055180582]",0.95
22,0.9649999999999999
"[103747683.68066116, 813.2402252019554, 8020.649403212324, 7903896278957.131, 3.148046102292807, 2102.5235669126546, -324.02901526261934, -2156.069142736059, 111672.85655731305, -1881.1285986738267, 2008.2686281023794, 10.612458124660591, 65.25175395508424, -1.2145781165250635, 267.4295795450174]",0.95
22,0.9649999999999999
"[101690129.98713185, 304.8973929957604, 8229.420134494254, 17544496914420.693, 21.261872847091084, 2480.7749276589516, 2060.2316372292667, -1825.5771840984328, 35737.08172974807, 913.2050503212595, 1550.755249163963, 14.55033098019167, 322.27451835424046, -12.876839356444485, 209.86513977344742]",0.95
22,0.9649999999999999
22,0.9649999999999999
"[47949952.01113441, -138.7757660767075, 97.67024303990138, 1285690054046.7363, 529.6092337772365, -482.60259454366053, -136.17583481933627, 284.24929262946995, 7426.192580882795, -1881.1285986738267, -86.96434286492865, -5.08390825749705, -557.8218690873027, -4.223288617755914, 17.002496306678253]",1.0
22,0.9649999999999999
"[43016252.116748355, 15.582499145339426, -64.38800502735884, 162769179357.39154, 3.148046102292807, -123.58819237741005, 28.680912593635266, -7.084957306233882, -57.09938338565479, 1.2314519344906358, 1.1811033255639831, -0.05417459134575231, -8.189177704495357, 0.6616876953714104, -3.7060996771099686]",1.0
22,0.9649999999999999
"[182282361.98364887, 774.4916006378255, 13988.603572472259, 26430887821095.92, -1002.0324681666551, 2228.227353916382, 2213.9608972412952, -11134.843513583242, 136343.94031898963, 14351.47620893606, 5641.46270227079, 165.89717405383433, 347.95619296959245, -13.239070150936847, 1362.46114784354]",0.95
22,0.9649999999999999
"[182282361.98364887, 774.4916006378255, 13988.603572472259, 26430887821095.92, -1002.0324681666551, 2228.227353916382, 2213.9608972412952, -11134.843513583242, 136343.94031898963, 14351.47620893606, 5641.46270227079, 165.89717405383433, 347.95619296959245, -13.239070150936847, 1362.46114784354]",0.95
22,0.9649999999999999
"[173690186.40984088, 3159.8717153539237, 18416.93472299243, 35489391829432.15, -3037.1288585718403, 6153.968876174213, -1725.411303528148, -16703.223123101758, 225920.9955882862, 23640.498795055897, 3782.1957996242722, 239.5584201694256, 1186.608540795044, -15.963572752266522, 2608.8131052842286]",0.95
22,0.9649999999999999
"[173690186.40984088, 3159.8717153539237, 18416.93472299243, 35489391829432.15, -3037.1288585718403, 6153.968876174213, -1725.411303528148, -16703.223123101758, 225920.9955882862, 23640.498795055897, 3782.1957996242722, 239.5584201694256, 1186.608540795044, -15.963572752266522, 2608.8131052842286]",0.95
22,0.9649999999999999
"[167898542.0767001, -1069.3983592876098, 11700.673064333125, 21905673500253.477, 841.502217798034, 789.6293402799079, 6012.434484319221, -2708.9926870250656, 27652.848238906605, 1524.4590199985814, 5362.375223620937, 43.73437804529961, 170.30902422823272, -15.80978275865918, -92.45179577181466]",0.95
22,0.9649999999999999
"[167898542.0767001, -1069.3983592876098, 11700.673064333125, 21905673500253.477, 841.502217798034, 789.6293402799079, 6012.434484319221, -2708.9926870250656, 27652.848238906605, 1524.4590199985814, 5362.375223620937, 43.73437804529961, 170.30902422823272, -15.80978275865918, -92.45179577181466]",0.95
22,0.9649999999999999
"[126923426.58860993, 321.91708976543083, 10249.171486303896, 19016708245042.293, 1148.9060897865368, 1367.9643271175769, 553.6336849927861, -1916.03288233369, 93193.03956751482, 9784.930232331615, -109.86417942957465, 76.80073070015192, 322.27451835424046, -12.523981737167277, 1560.2528108701822]",0.95
22,0.9649999999999999
22,0.9649999999999999
"[47949952.01113441, -138.7757660767075, 97.67024303990138, 1285690054046.7363, 529.6092337772365, -482.60259454366053, -136.17583481933627, 284.24929262946995, 7426.192580882795, -1881.1285986738267, -86.96434286492865, -5.08390825749705, -557.8218690873027, -4.223288617755914, 17.002496306678253]",1.0
22,0.9649999999999999
"[43016252.116748355, 15.582499145339426, -64.38800502735884, 162769179357.39154, 3.148046102292807, -123.58819237741005, 28.680912593635266, -7.084957306233882, -57.09938338565479, 1.2314519344906358, 1.1811033255639831, -0.05417459134575231, -8.189177704495357, 0.6616876953714104, -3.7060996771099686]",1.0
22,0.9649999999999999
"[340918362.11980635, 4060.8460910898534, 32602.101389887626, 61562088321270.32, -4753.708044835139, 7709.804350333943, 423.18763238548786, -32365.43709237725, 397899.1657834023, 45170.845288689234, 11590.856124411961, 472.64920591461095, 1643.0503829496558, -22.944843644416025, 4434.372826084549]",0.95
22,0.9649999999999999
"[324569261.73599887, 8322.251368582703, 40410.75173531641, 77354619245464.44, -8479.470845564887, 14746.983347918369, -6518.538003907503, -42297.41690231902, 554893.8481157767, 62057.90736246127, 8316.927612237376, 604.3027342882065, 3254.370250504745, -26.656561618070562, 6637.799624544979]",0.95
22,0.9649999999999999
"[298023206.55962217, 2464.6634197001868, 27628.140658912896, 52072845527150.76, -3101.5743749246285, 6062.713590397237, 2855.5363141271564, -23322.72539458754, 282881.73537427274, 31996.0665998364, 10087.777596951968, 340.48923478706513, 1424.65106151767, -21.75502605231725, 2999.7210286248874]",0.95
22,0.9649999999999999
"[277008853.5331713, 2461.557754434748, 28757.52816358924, 54538027331767.98, -2828.512021845541, 7653.588026239497, 3614.018734489232, -19193.961505524276, 243316.74838928343, 26337.33541436738, 8373.904403078617, 275.17040429083755, 1894.1871492446662, -26.428221852696225, 2506.610816038261]",0.95
22,0.9649999999999999
"[275047211.0788654, 3006.1535744908497, 29768.54130129393, 56606135214644.54, -3293.1360793651243, 8549.857099018593, 2714.637700435639, -20465.254177547882, 263767.6985634863, 28458.071997018764, 7949.423215655599, 291.9876848941217, 2085.656240601762, -27.05024126136926, 2791.160042450221]",0.95
22,0.9649999999999999
"[201456096.6899058, -1396.2759980294531, 15358.848621021136, 28670960086342.04, 1024.0732221919322, 1420.3572975584548, 8137.553979967571, -2787.116493858257, 24899.60489167158, 1323.1706107351947, 6788.268058712754, 44.12248994945871, 460.56284814643374, -20.093394730396724, -243.4699000976268]",0.95
22,0.9649999999999999
"[185303151.8690983, 7563.342267090216, 26357.76015781679, 51086500603725.914, -7474.290331295939, 12395.167801624579, -8703.817988555162, -31169.658346042015, 418492.80841340136, 47707.6626054597, 2676.6460132921493, 438.35138564302645, 2898.2248798306573, -12.755803771762302, 5271.632377024331]",0.95
22,0.9649999999999999
23,0.9649999999999999
"[47949952.01113441, -138.7757660767075, 97.67024303990138, 1285690054046.7363, 529.6092337772365, -482.60259454366053, -136.17583481933627, 284.24929262946995, 7426.192580882795, -1881.1285986738267, -86.96434286492865, -5.08390825749705, -557.8218690873027, -4.223288617755914, 17.002496306678253]",1.0
23,0.9649999999999999
"[43016252.116748355, 15.582499145339426, -64.38800502735884, 162769179357.39154, 3.148046102292807, -123.58819237741005, 28.680912593635266, -7.084957306233882, -57.09938338565479, 1.2314519344906358, 1.1811033255639831, -0.05417459134575231, -8.189177704495357, 0.6616876953714104, -3.7060996771099686]",1.0
23,0.9649999999999999
"[340918362.11980635, 4060.8460910898534, 32602.101389887626, 61562088321270.32, -4753.708044835139, 7709.804350333943, 423.18763238548786, -32365.43709237725, 397899.1657834023, 45170.845288689234, 11590.856124411961, 472.64920591461095, 1643.0503829496558, -22.944843644416025, 4434.372826084549]",0.95
23,0.9649999999999999
"[324569261.73599887, 8322.251368582703, 40410.75173531641, 77354619245464.44, -8479.470845564887, 14746.983347918369, -6518.538003907503, -42297.41690231902, 554893.8481157767, 62057.90736246127, 8316.927612237376, 604.3027342882065, 3254.370250504745, -26.656561618070562, 6637.799624544979]",0.95
23,0.9649999999999999
"[298023206.55962217, 2464.6634197001868, 27628.140658912896, 52072845527150.76, -3101.5743749246285, 6062.713590397237, 2855.5363141271564, -23322.72539458754, 282881.73537427274, 31996.0665998364, 10087.777596951968, 340.48923478706513, 1424.65106151767, -21.75502605231725, 2999.7210286248874]",0.95
23,0.9649999999999999
"[277008853.5331713, 2461.557754434748, 28757.52816358924, 54538027331767.98, -2828.512021845541, 7653.588026239497, 3614.018734489232, -19193.961505524276, 243316.74838928343, 26337.33541436738, 8373.904403078617, 275.17040429083755, 1894.1871492446662, -26.428221852696225, 2506.610816038261]",0.95
23,0.9649999999999999
"[275047211.0788654, 3006.1535744908497, 29768.54130129393, 56606135214644.54, -3293.1360793651243, 8549.857099018593, 2714.637700435639, -20465.254177547882, 263767.6985634863, 28458.071997018764, 7949.423215655599, 291.9876848941217, 2085.656240601762, -27.05024126136926, 2791.160042450221]",0.95
23,0.9649999999999999
"[201456096.6899058, -1396.2759980294531, 15358.848621021136, 28670960086342.04, 1024.0732221919322, 1420.3572975584548, 8137.553979967571, -2787.116493858257, 24899.60489167158, 1323.1706107351947, 6788.268058712754, 44.12248994945871, 460.56284814643374, -20.093394730396724, -243.4699000976268]",0.95
23,0.9649999999999999
"[185303151.8690983, 7563.342267090216, 26357.76015781679, 51086500603725.914, -7474.290331295939, 12395.167801624579, -8703.817988555162, -31169.658346042015, 418492.80841340136, 47707.6626054597, 2676.6460132921493, 438.35138564302645, 2898.2248798306573, -12.755803771762302, 5271.632377024331]",0.95
23,0.9649999999999999
23,0.9649999999999999
"[47949952.01113441, -138.7757660767075, 97.67024303990138, 1285690054046.7363, 529.6092337772365, -482.60259454366053, -136.17583481933627, 284.24929262946995, 7426.192580882795, -1881.1285986738267, -86.96434286492865, -5.08390825749705, -557.8218690873027, -4.223288617755914, 17.002496306678253]",1.0
23,0.9649999999999999
"[43016252.116748355, 15.582499145339426, -64.38800502735884, 162769179357.39154, 3.148046102292807, -123.58819237741005, 28.680912593635266, -7.084957306233882, -57.09938338565479, 1.2314519344906358, 1.1811033255639831, -0.05417459134575231, -8.189177704495357, 0.6616876953714104, -3.7060996771099686]",1.0
23,0.9649999999999999
"[340918362.11980635, 4060.8460910898534, 32602.101389887626, 61562088321270.32, -4753.708044835139, 7709.804350333943, 423.18763238548786, -32365.43709237725, 397899.1657834023, 45170.845288689234, 11590.856124411961, 472.64920591461095, 1643.0503829496558, -22.944843644416025, 4434.372826084549]",0.95
23,0.9649999999999999
"[324569261.73599887, 8322.251368582703, 40410.75173531641, 77354619245464.44, -8479.470845564887, 14746.983347918369, -6518.538003907503, -42297.41690231902, 554893.8481157767, 62057.90736246127, 8316.927612237376, 604.3027342882065, 3254.370250504745, -26.656561618070562, 6637.799624544979]",0.95
23,0.9649999999999999
"[304427109.71079624, 2283.302911455711, 15358.848621021136, 26686550096984.336, -942.0374818919888, 3928.1253520310033, 1742.5355171204442, -31356.923287399888, 276860.30091931816, -2760.4543402068643, 11544.424446768648, 215.73476586079732, 1349.5131893417185, -22.451333720307442, -233.79608582725493]",0.95
23,0.9649999999999999
"[298023206.55962217, 2464.6634197001868, 27628.140658912896, 52072845527150.76, -3101.5743749246285, 6062.713590397237, 2855.5363141271564, -23322.72539458754, 282881.73537427274, 31996.0665998364, 10087.777596951968, 340.48923478706513, 1424.65106151767, -21.75502605231725, 2999.7210286248874]",0.95
23,0.9649999999999999
"[298023206.55962217, 2464.6634197001868, 27628.140658912896, 52072845527150.76, -3101.5743749246285, 6062.713590397237, 2855.5363141271564, -23322.72539458754, 282881.73537427274, 31996.0665998364, 10087.777596951968, 340.48923478706513, 1424.65106151767, -21.75502605231725, 2999.7210286248874]",0.95
23,0.9649999999999999
"[277008853.5331713, 2461.557754434748, 28757.52816358924, 54538027331767.98, -2828.512021845541, 7653.588026239497, 3614.018734489232, -19193.961505524276, 243316.74838928343, 26337.33541436738, 8373.904403078617, 275.17040429083755, 1894.1871492446662, -26.428221852696225, 2506.610816038261]",0.95
23,0.9649999999999999
"[277008853.5331713, 2461.557754434748, 28757.52816358924, 54538027331767.98, -2828.512021845541, 7653.588026239497, 3614.018734489232, -19193.961505524276, 243316.74838928343, 26337.33541436738, 8373.904403078617, 275.17040429083755, 1894.1871492446662, -26.428221852696225, 2506.610816038261]",0.95
23,0.9649999999999999
23,0.9649999999999999
"[47949952.01113441, -138.7757660767075, 97.67024303990138, 1285690054046.7363, 529.6092337772365, -482.60259454366053, -136.17583481933627, 284.24929262946995, 7426.192580882795, -1881.1285986738267, -86.96434286492865, -5.08390825749705, -557.8218690873027, -4.223288617755914, 17.002496306678253]",1.0
23,0.9649999999999999
"[43016252.116748355, 15.582499145339426, -64.38800502735884, 162769179357.39154, 3.148046102292807, -123.58819237741005, 28.680912593635266, -7.084957306233882, -57.09938338565479, 1.2314519344906358, 1.1811033255639831, -0.05417459134575231, -8.189177704495357, 0.6616876953714104, -3.7060996771099686]",1.0
23,0.9649999999999999
"[718582167.6877929, 11136.699814307647, 76187.93554746668, 143269021683419.78, -13082.52826472812, 20022.399798795574, -2208.280362160853, -80291.89157823366, 981949.6964957208, 114793.20903198933, 26079.64833149768, 1167.7336847348706, 4724.767518389843, -45.77600024326205, 11232.302011064694]",0.95
23,0.9649999999999999
"[483401406.7297957, 11647.859612888544, 62631.91441034249, 119537359841570.0, -12168.224223224137, 22494.33038979005, -6593.493151688888, -60405.32377049915, 784971.2133789863, 88841.2705875889, 13481.931396143396, 858.8126207566795, 5348.67670605235, -42.2978308372259, 9270.575326552767]",0.95
23,0.9649999999999999
"[340918362.11980635, 4060.8460910898534, 32602.101389887626, 61562088321270.32, -4753.708044835139, 7709.804350333943, 423.18763238548786, -32365.43709237725, 397899.1657834023, 45170.845288689234, 11590.856124411961, 472.64920591461095, 1643.0503829496558, -22.944843644416025, 4434.372826084549]",0.95
23,0.9649999999999999
"[335733737.7747913, 4534.791860460733, 38202.38375504391, 73434244584412.55, -4719.651654179468, 11550.690361328183, 1764.7229206809563, -28397.40733158809, 371625.1360512107, 39415.872223898696, 9692.187070836258, 401.1002653987605, 2584.8705065145095, -34.79361227446425, 4033.195807137681]",0.95
23,0.9649999999999999
"[324569261.73599887, 8322.251368582703, 40410.75173531641, 77354619245464.44, -8479.470845564887, 14746.983347918369, -6518.538003907503, -42297.41690231902, 554893.8481157767, 62057.90736246127, 8316.927612237376, 604.3027342882065, 3254.370250504745, -26.656561618070562, 6637.799624544979]",0.95
23,0.9649999999999999
"[304427109.71079624, 2283.302911455711, 15358.848621021136, 26686550096984.336, -942.0374818919888, 3928.1253520310033, 1742.5355171204442, -31356.923287399888, 276860.30091931816, -2760.4543402068643, 11544.424446768648, 215.73476586079732, 1349.5131893417185, -22.451333720307442, -233.79608582725493]",0.95
23,0.9649999999999999
"[298023206.55962217, 2464.6634197001868, 27628.140658912896, 52072845527150.76, -3101.5743749246285, 6062.713590397237, 2855.5363141271564, -23322.72539458754, 282881.73537427274, 31996.0665998364, 10087.777596951968, 340.48923478706513, 1424.65106151767, -21.75502605231725, 2999.7210286248874]",0.95
23,0.9649999999999999
24,0.9649999999999999
"[47949952.01113441, -138.7757660767075, 97.67024303990138, 1285690054046.7363, 529.6092337772365, -482.60259454366053, -136.17583481933627, 284.24929262946995, 7426.192580882795, -1881.1285986738267, -86.96434286492865, -5.08390825749705, -557.8218690873027, -4.223288617755914, 17.002496306678253]",1.0
24,0.9649999999999999
"[43016252.116748355, 15.582499145339426, -64.38800502735884, 162769179357.39154, 3.148046102292807, -123.58819237741005, 28.680912593635266, -7.084957306233882, -57.09938338565479, 1.2314519344906358, 1.1811033255639831, -0.05417459134575231, -8.189177704495357, 0.6616876953714104, -3.7060996771099686]",1.0
24,0.9649999999999999
"[718582167.6877929, 11136.699814307647, 76187.93554746668, 143269021683419.78, -13082.52826472812, 20022.399798795574, -2208.280362160853, -80291.89157823366, 981949.6964957208, 114793.20903198933, 26079.64833149768, 1167.7336847348706, 4724.767518389843, -45.77600024326205, 11232.302011064694]",0.95
24,0.9649999999999999
"[483401406.7297957, 11647.859612888544, 62631.91441034249, 119537359841570.0, -12168.224223224137, 22494.33038979005, -6593.493151688888, -60405.32377049915, 784971.2133789863, 88841.2705875889, 13481.931396143396, 858.8126207566795, 5348.67670605235, -42.2978308372259, 9270.575326552767]",0.95
24,0.9649999999999999
"[340918362.11980635, 4060.8460910898534, 32602.101389887626, 61562088321270.32, -4753.708044835139, 7709.804350333943, 423.18763238548786, -32365.43709237725, 397899.1657834023, 45170.845288689234, 11590.856124411961, 472.64920591461095, 1643.0503829496558, -22.944843644416025, 4434.372826084549]",0.95
24,0.9649999999999999
"[335733737.7747913, 4534.791860460733, 38202.38375504391, 73434244584412.55, -4719.651654179468, 11550.690361328183, 1764.7229206809563, -28397.40733158809, 371625.1360512107, 39415.872223898696, 9692.187070836258, 401.1002653987605, 2584.8705065145095, -34.79361227446425, 4033.195807137681]",0.95
24,0.9649999999999999
"[324569261.73599887, 8322.251368582703, 40410.75173531641, 77354619245464.44, -8479.470845564887, 14746.983347918369, -6518.538003907503, -42297.41690231902, 554893.8481157767, 62057.90736246127, 8316.927612237376, 604.3027342882065, 3254.370250504745, -26.656561618070562, 6637.799624544979]",0.95
24,0.9649999999999999
"[304427109.71079624, 2283.302911455711, 15358.848621021136, 26686550096984.336, -942.0374818919888, 3928.1253520310033, 1742.5355171204442, -31356.923287399888, 276860.30091931816, -2760.4543402068643, 11544.424446768648, 215.73476586079732, 1349.5131893417185, -22.451333720307442, -233.79608582725493]",0.95
24,0.9649999999999999
"[298023206.55962217, 2464.6634197001868, 27628.140658912896, 52072845527150.76, -3101.5743749246285, 6062.713590397237, 2855.5363141271564, -23322.72539458754, 282881.73537427274, 31996.0665998364, 10087.777596951968, 340.48923478706513, 1424.65106151767, -21.75502605231725, 2999.7210286248874]",0.95
24,0.9649999999999999
24,0.9649999999999999
"[47949952.01113441, -138.7757660767075, 97.67024303990138, 1285690054046.7363, 529.6092337772365, -482.60259454366053, -136.17583481933627, 284.24929262946995, 7426.192580882795, -1881.1285986738267, -86.96434286492865, -5.08390825749705, -557.8218690873027, -4.223288617755914, 17.002496306678253]",1.0
24,0.9649999999999999
"[43016252.116748355, 15.582499145339426, -64.38800502735884, 162769179357.39154, 3.148046102292807, -123.58819237741005, 28.680912593635266, -7.084957306233882, -57.09938338565479, 1.2314519344906358, 1.1811033255639831, -0.05417459134575231, -8.189177704495357, 0.6616876953714104, -3.7060996771099686]",1.0
24,0.9649999999999999
"[779077121.3499069, 7657.315407843345, 51875.42681272024, 47491922661580.83, -5664.6279116043215, 7369.089677119497, -10025.395802972425, -86776.89357150905, 133441.2125953321, 192591.2253084901, 22019.787506340166, 1267.5033770203813, 8304.939093205749, -32.38482571750142, 12205.296414780929]",0.95
24,0.9649999999999999
"[718582167.6877929, 11136.699814307647, 76187.93554746668, 143269021683419.78, -13082.52826472812, 20022.399798795574, -2208.280362160853, -80291.89157823366, 981949.6964957208, 114793.20903198933, 26079.64833149768, 1167.7336847348706, 4724.767518389843, -45.77600024326205, 11232.302011064694]",0.95
24,0.9649999999999999
"[484266044.9789394, -138.7757660767075, 30840.607500295875, 118083144181822.19, -14179.148474274683, -7899.440452090699, -5341.969508015214, -21316.971374536446, 964142.9870387921, 74252.44427210424, 14880.108703256505, 35.99403155563731, 4091.609495744492, -47.81255767401505, 7456.3813810319425]",0.95
24,0.9649999999999999
"[483401406.7297957, 11647.859612888544, 62631.91441034249, 119537359841570.0, -12168.224223224137, 22494.33038979005, -6593.493151688888, -60405.32377049915, 784971.2133789863, 88841.2705875889, 13481.931396143396, 858.8126207566795, 5348.67670605235, -42.2978308372259, 9270.575326552767]",0.95
24,0.9649999999999999
"[458708470.4591764, 10834.748037063891, 56419.35350129445, 107526248683583.5, -11449.051647533637, 19517.015826949813, -7089.165786805484, -58764.6668666731, 755386.0504942738, 86110.87829295591, 13377.362455740065, 840.6924036811079, 4517.0741532898155, -35.29647233883493, 8959.390873901313]",0.95
24,0.9649999999999999
"[438566318.4339738, 4795.799579936899, 31367.450386999175, 56858179535103.4, -3911.618283860739, 8698.157831062446, 1171.9077342224634, -47824.173251753964, 477352.5032978152, 21292.516590287774, 16604.859290271335, 452.1244352536988, 2612.217092126789, -31.091244441071815, 2087.7951635290783]",0.95
24,0.9649999999999999
"[432162415.2827997, 4977.160088181375, 43636.74242489094, 82244474965269.81, -6071.155176893379, 10832.74606942868, 2284.9085312291754, -39789.97535894162, 483373.9377527698, 56049.037530331036, 15148.212440454658, 576.8789041799666, 2687.354964302741, -30.39493677308162, 5321.31227798122]",0.95
24,0.9649999999999999
24,0.9649999999999999
"[47949952.01113441, -138.7757660767075, 97.67024303990138, 1285690054046.7363, 529.6092337772365, -482.60259454366053, -136.17583481933627, 284.24929262946995, 7426.192580882795, -1881.1285986738267, -86.96434286492865, -5.08390825749705, -557.8218690873027, -4.223288617755914, 17.002496306678253]",1.0
24,0.9649999999999999
"[43016252.116748355, 15.582499145339426, -64.38800502735884, 162769179357.39154, 3.148046102292807, -123.58819237741005, 28.680912593635266, -7.084957306233882, -57.09938338565479, 1.2314519344906358, 1.1811033255639831, -0.05417459134575231, -8.189177704495357, 0.6616876953714104, -3.7060996771099686]",1.0
24,0.9649999999999999
"[1694063153.8474286, 20493.82497479459, 116832.35125725293, 122080493738807.42, -15834.084345315252, 22318.82276659967, -23957.70082367203, -208943.6779043838, 679048.6884209692, 385644.9079386791, 52483.744877133926, 2797.054503476328, 18697.558272822556, -72.38157492152507, 25196.485003123813]",0.95
24,0.9649999999999999
"[1515387220.1647277, 9651.955202949399, 103331.10776003735, 258493634239811.38, -35019.624764136875, -5858.447193754303, -26862.700825624626, -129143.94818035245, 1991413.8616127651, 340430.4620423702, 45616.70273272967, 1351.5212276359584, 16939.70060968186, -106.71495442539569, 27166.726725215998]",0.95
24,0.9649999999999999
"[1367900651.8540533, 22524.539731351648, 128646.48712105185, 237726085534303.72, -22892.790449360473, 38389.184887791846, -6646.108587786348, -173116.67242413972, 1913293.3834226506, 161820.69110079203, 52959.70877064559, 2043.8756564090988, 10543.434856208425, -88.27630966882816, 15974.37175309327]",0.95
24,0.9649999999999999
"[1340417134.8058758, 16802.55854866963, 91217.04880957762, 77309023004204.38, -12689.97518615717, 15401.781727070134, -26258.37363945008, -166755.51341209328, 286083.3416362316, 371377.24010489904, 36839.47787923345, 2423.4817196029608, 16085.703684011889, -48.72461885194777, 24060.930538699504]",0.95
24,0.9649999999999999
"[1146368504.1190665, 33718.01509956378, 156565.4005304059, 298432404894227.94, -35607.178648527064, 58478.014423759916, -27252.342469769956, -172415.20043732767, 2215979.888913654, 256523.2112063567, 34113.72834492744, 2456.4920829556636, 13961.727989347906, -85.80163414424277, 26781.87162165511]",0.95
24,0.9649999999999999
"[1093965972.873219, 10190.643812079932, 77866.80970732227, 202293074105127.22, -22834.042653436878, 8538.337757525878, -9109.166666238694, -108446.35528382918, 1823344.3119962453, 112792.90508644324, 40461.50541425985, 830.559030621599, 9420.792027753909, -87.31579066047408, 11335.938232318229]",0.95
24,0.9649999999999999
"[1055845813.0610763, 22293.38368196115, 131106.57776148478, 248623848458673.1, -24776.34775079249, 42946.653990308114, -8712.812133661693, -130164.87998639402, 1633782.068230275, 190775.9574761402, 35065.36796104021, 1859.3098707895226, 10800.85529182605, -79.46483552765466, 19086.059374883087]",0.95
24,0.9649999999999999
25,0.9649999999999999
"[47949952.01113441, -138.7757660767075, 97.67024303990138, 1285690054046.7363, 529.6092337772365, -482.60259454366053, -136.17583481933627, 284.24929262946995, 7426.192580882795, -1881.1285986738267, -86.96434286492865, -5.08390825749705, -557.8218690873027, -4.223288617755914, 17.002496306678253]",1.0
25,0.9649999999999999
"[43016252.116748355, 15.582499145339426, -64.38800502735884, 162769179357.39154, 3.148046102292807, -123.58819237741005, 28.680912593635266, -7.084957306233882, -57.09938338565479, 1.2314519344906358, 1.1811033255639831, -0.05417459134575231, -8.189177704495357, 0.6616876953714104, -3.7060996771099686]",1.0
25,0.9649999999999999
"[1694063153.8474286, 20493.82497479459, 116832.35125725293, 122080493738807.42, -15834.084345315252, 22318.82276659967, -23957.70082367203, -208943.6779043838, 679048.6884209692, 385644.9079386791, 52483.744877133926, 2797.054503476328, 18697.558272822556, -72.38157492152507, 25196.485003123813]",0.95
25,0.9649999999999999
"[1515387220.1647277, 9651.955202949399, 103331.10776003735, 258493634239811.38, -35019.624764136875, -5858.447193754303, -26862.700825624626, -129143.94818035245, 1991413.8616127651, 340430.4620423702, 45616.70273272967, 1351.5212276359584, 16939.70060968186, -106.71495442539569, 27166.726725215998]",0.95
25,0.9649999999999999
"[1367900651.8540533, 22524.539731351648, 128646.48712105185, 237726085534303.72, -22892.790449360473, 38389.184887791846, -6646.108587786348, -173116.67242413972, 1913293.3834226506, 161820.69110079203, 52959.70877064559, 2043.8756564090988, 10543.434856208425, -88.27630966882816, 15974.37175309327]",0.95
25,0.9649999999999999
"[1340417134.8058758, 16802.55854866963, 91217.04880957762, 77309023004204.38, -12689.97518615717, 15401.781727070134, -26258.37363945008, -166755.51341209328, 286083.3416362316, 371377.24010489904, 36839.47787923345, 2423.4817196029608, 16085.703684011889, -48.72461885194777, 24060.930538699504]",0.95
25,0.9649999999999999
"[1146368504.1190665, 33718.01509956378, 156565.4005304059, 298432404894227.94, -35607.178648527064, 58478.014423759916, -27252.342469769956, -172415.20043732767, 2215979.888913654, 256523.2112063567, 34113.72834492744, 2456.4920829556636, 13961.727989347906, -85.80163414424277, 26781.87162165511]",0.95
25,0.9649999999999999
"[1093965972.873219, 10190.643812079932, 77866.80970732227, 202293074105127.22, -22834.042653436878, 8538.337757525878, -9109.166666238694, -108446.35528382918, 1823344.3119962453, 112792.90508644324, 40461.50541425985, 830.559030621599, 9420.792027753909, -87.31579066047408, 11335.938232318229]",0.95
25,0.9649999999999999
"[1055845813.0610763, 22293.38368196115, 131106.57776148478, 248623848458673.1, -24776.34775079249, 42946.653990308114, -8712.812133661693, -130164.87998639402, 1633782.068230275, 190775.9574761402, 35065.36796104021, 1859.3098707895226, 10800.85529182605, -79.46483552765466, 19086.059374883087]",0.95
25,0.9649999999999999
25,0.97
"[47949952.01113441, -138.7757660767075, 97.67024303990138, 1285690054046.7363, 529.6092337772365, -482.60259454366053, -136.17583481933627, 284.24929262946995, 7426.192580882795, -1881.1285986738267, -86.96434286492865, -5.08390825749705, -557.8218690873027, -4.223288617755914, 17.002496306678253]",1.0
25,0.97
"[43016252.116748355, 15.582499145339426, -64.38800502735884, 162769179357.39154, 3.148046102292807, -123.58819237741005, 28.680912593635266, -7.084957306233882, -57.09938338565479, 1.2314519344906358, 1.1811033255639831, -0.05417459134575231, -8.189177704495357, 0.6616876953714104, -3.7060996771099686]",1.0
25,0.97
"[43016252.116748355, 15.582499145339426, -64.38800502735884, 162769179357.39154, 3.148046102292807, -123.58819237741005, 28.680912593635266, -7.084957306233882, -57.09938338565479, 1.2314519344906358, 1.1811033255639831, -0.05417459134575231, -8.189177704495357, 0.6616876953714104, -3.7060996771099686]",1.0
25,0.97
"[1892187532.7480593, 24572.558063986, 116553.91929632744, 241113679900427.62, -42960.54285713987, 34170.70830139148, -32428.132685660872, 974.9145605878684, 288652.92412691074, 161820.69110079203, 46779.45807002613, 1622.5988519721286, 3025.804177379358, -77.5374662787635, 26866.018128234507]",0.95
25,0.97
"[1807916428.1293306, 25011.68878825521, 15600.714403966933, 287032203858917.4, -30037.80268257694, 7625.38578501362, -1845.9024977230733, -207543.78855496662, 2214488.1171570118, 308035.33952574583, 52483.744877133926, 363.3545202966779, 3280.680276260058, -62.31176832768219, 29962.925211605165]",0.95
25,0.97
"[1694063153.8474286, 20493.82497479459, 116832.35125725293, 122080493738807.42, -15834.084345315252, 22318.82276659967, -23957.70082367203, -208943.6779043838, 679048.6884209692, 385644.9079386791, 52483.744877133926, 2797.054503476328, 18697.558272822556, -72.38157492152507, 25196.485003123813]",0.95
25,0.97
"[1694063153.8474286, 20493.82497479459, 116832.35125725293, 122080493738807.42, -15834.084345315252, 22318.82276659967, -23957.70082367203, -208943.6779043838, 679048.6884209692, 385644.9079386791, 52483.744877133926, 2797.054503476328, 18697.558272822556, -72.38157492152507, 25196.485003123813]",0.95
25,0.97
"[1515387220.1647277, 9651.955202949399, 103331.10776003735, 258493634239811.38, -35019.624764136875, -5858.447193754303, -26862.700825624626, -129143.94818035245, 1991413.8616127651, 340430.4620423702, 45616.70273272967, 1351.5212276359584, 16939.70060968186, -106.71495442539569, 27166.726725215998]",0.95
25,0.97
"[1515387220.1647277, 9651.955202949399, 103331.10776003735, 258493634239811.38, -35019.624764136875, -5858.447193754303, -26862.700825624626, -129143.94818035245, 1991413.8616127651, 340430.4620423702, 45616.70273272967, 1351.5212276359584, 16939.70060968186, -106.71495442539569, 27166.726725215998]",0.95
25,0.97
25,0.97
"[47949952.01113441, -138.7757660767075, 97.67024303990138, 1285690054046.7363, 529.6092337772365, -482.60259454366053, -136.17583481933627, 284.24929262946995, 7426.192580882795, -1881.1285986738267, -86.96434286492865, -5.08390825749705, -557.8218690873027, -4.223288617755914, 17.002496306678253]",1.0
25,0.97
"[43016252.116748355, 15.582499145339426, -64.38800502735884, 162769179357.39154, 3.148046102292807, -123.58819237741005, 28.680912593635266, -7.084957306233882, -57.09938338565479, 1.2314519344906358, 1.1811033255639831, -0.05417459134575231, -8.189177704495357, 0.6616876953714104, -3.7060996771099686]",1.0
25,0.97
"[43016252.116748355, 15.582499145339426, -64.38800502735884, 162769179357.39154, 3.148046102292807, -123.58819237741005, 28.680912593635266, -7.084957306233882, -57.09938338565479, 1.2314519344906358, 1.1811033255639831, -0.05417459134575231, -8.189177704495357, 0.6616876953714104, -3.7060996771099686]",1.0
25,0.97
"[1892187532.7480593, 24572.558063986, 116553.91929632744, 241113679900427.62, -42960.54285713987, 34170.70830139148, -32428.132685660872, 974.9145605878684, 288652.92412691074, 161820.69110079203, 46779.45807002613, 1622.5988519721286, 3025.804177379358, -77.5374662787635, 26866.018128234507]",0.95
25,0.97
"[1850051980.4386952, 24792.123426120605, 66077.31685014741, 264072941879672.4, -36499.17276985844, 20898.04704320261, -17137.01759169204, -103284.43699718891, 1251570.520641957, 234928.0153132686, 49631.60147358001, 992.976686134406, 3153.2422268197074, -69.92461730322287, 28414.47166991983]",0.95
25,0.97
"[1807916428.1293306, 25011.68878825521, 15600.714403966933, 287032203858917.4, -30037.80268257694, 7625.38578501362, -1845.9024977230733, -207543.78855496662, 2214488.1171570118, 308035.33952574583, 52483.744877133926, 363.3545202966779, 3280.680276260058, -62.31176832768219, 29962.925211605165]",0.95
25,0.97
"[1694063153.8474286, 20493.82497479459, 116832.35125725293, 122080493738807.42, -15834.084345315252, 22318.82276659967, -23957.70082367203, -208943.6779043838, 679048.6884209692, 385644.9079386791, 52483.744877133926, 2797.054503476328, 18697.558272822556, -72.38157492152507, 25196.485003123813]",0.95
25,0.97
"[1694063153.8474286, 20493.82497479459, 116832.35125725293, 122080493738807.42, -15834.084345315252, 22318.82276659967, -23957.70082367203, -208943.6779043838, 679048.6884209692, 385644.9079386791, 52483.744877133926, 2797.054503476328, 18697.558272822556, -72.38157492152507, 25196.485003123813]",0.95
25,0.97
"[1694063153.8474286, 20493.82497479459, 116832.35125725293, 122080493738807.42, -15834.084345315252, 22318.82276659967, -23957.70082367203, -208943.6779043838, 679048.6884209692, 385644.9079386791, 52483.744877133926, 2797.054503476328, 18697.558272822556, -72.38157492152507, 25196.485003123813]",0.95
25,0.97
26,0.97
"[47949952.01113441, -138.7757660767075, 97.67024303990138, 1285690054046.7363, 529.6092337772365, -482.60259454366053, -136.17583481933627, 284.24929262946995, 7426.192580882795, -1881.1285986738267, -86.96434286492865, -5.08390825749705, -557.8218690873027, -4.223288617755914, 17.002496306678253]",1.0
26,0.97
"[43016252.116748355, 15.582499145339426, -64.38800502735884, 162769179357.39154, 3.148046102292807, -123.58819237741005, 28.680912593635266, -7.084957306233882, -57.09938338565479, 1.2314519344906358, 1.1811033255639831, -0.05417459134575231, -8.189177704495357, 0.6616876953714104, -3.7060996771099686]",1.0
26,0.97
"[43016252.116748355, 15.582499145339426, -64.38800502735884, 162769179357.39154, 3.148046102292807, -123.58819237741005, 28.680912593635266, -7.084957306233882, -57.09938338565479, 1.2314519344906358, 1.1811033255639831, -0.05417459134575231, -8.189177704495357, 0.6616876953714104, -3.7060996771099686]",1.0
26,0.97
"[1892187532.7480593, 24572.558063986, 116553.91929632744, 241113679900427.62, -42960.54285713987, 34170.70830139148, -32428.132685660872, 974.9145605878684, 288652.92412691074, 161820.69110079203, 46779.45807002613, 1622.5988519721286, 3025.804177379358, -77.5374662787635, 26866.018128234507]",0.95
26,0.97
"[1850051980.4386952, 24792.123426120605, 66077.31685014741, 264072941879672.4, -36499.17276985844, 20898.04704320261, -17137.01759169204, -103284.43699718891, 1251570.520641957, 234928.0153132686, 49631.60147358001, 992.976686134406, 3153.2422268197074, -69.92461730322287, 28414.47166991983]",0.95
26,0.97
"[1807916428.1293306, 25011.68878825521, 15600.714403966933, 287032203858917.4, -30037.80268257694, 7625.38578501362, -1845.9024977230733, -207543.78855496662, 2214488.1171570118, 308035.33952574583, 52483.744877133926, 363.3545202966779, 3280.680276260058, -62.31176832768219, 29962.925211605165]",0.95
26,0.97
"[1694063153.8474286, 20493.82497479459, 116832.35125725293, 122080493738807.42, -15834.084345315252, 22318.82276659967, -23957.70082367203, -208943.6779043838, 679048.6884209692, 385644.9079386791, 52483.744877133926, 2797.054503476328, 18697.558272822556, -72.38157492152507, 25196.485003123813]",0.95
26,0.97
"[1694063153.8474286, 20493.82497479459, 116832.35125725293, 122080493738807.42, -15834.084345315252, 22318.82276659967, -23957.70082367203, -208943.6779043838, 679048.6884209692, 385644.9079386791, 52483.744877133926, 2797.054503476328, 18697.558272822556, -72.38157492152507, 25196.485003123813]",0.95
26,0.97
"[1694063153.8474286, 20493.82497479459, 116832.35125725293, 122080493738807.42, -15834.084345315252, 22318.82276659967, -23957.70082367203, -208943.6779043838, 679048.6884209692, 385644.9079386791, 52483.744877133926, 2797.054503476328, 18697.558272822556, -72.38157492152507, 25196.485003123813]",0.95
26,0.97
26,0.97
"[47949952.01113441, -138.7757660767075, 97.67024303990138, 1285690054046.7363, 529.6092337772365, -482.60259454366053, -136.17583481933627, 284.24929262946995, 7426.192580882795, -1881.1285986738267, -86.96434286492865, -5.08390825749705, -557.8218690873027, -4.223288617755914, 17.002496306678253]",1.0
26,0.97
"[43016252.116748355, 15.582499145339426, -64.38800502735884, 162769179357.39154, 3.148046102292807, -123.58819237741005, 28.680912593635266, -7.084957306233882, -57.09938338565479, 1.2314519344906358, 1.1811033255639831, -0.05417459134575231, -8.189177704495357, 0.6616876953714104, -3.7060996771099686]",1.0
26,0.97
"[43016252.116748355, 15.582499145339426, -64.38800502735884, 162769179357.39154, 3.148046102292807, -123.58819237741005, 28.680912593635266, -7.084957306233882, -57.09938338565479, 1.2314519344906358, 1.1811033255639831, -0.05417459134575231, -8.189177704495357, 0.6616876953714104, -3.7060996771099686]",1.0
26,0.97
"[2850878235.6488314, 36268.94548755265, 198714.86632352736, 205197626709541.56, -28254.642728822713, 39224.63637860413, -44028.39095034448, -361291.5234315747, 1181262.7417352125, 668061.700434372, 88671.46637943952, 4833.037794181507, 32585.489340275984, -118.37569838966427, 43791.800629974576]",0.95
26,0.97
"[2850878235.6488314, 36268.94548755265, 198714.86632352736, 205197626709541.56, -28254.642728822713, 39224.63637860413, -44028.39095034448, -361291.5234315747, 1181262.7417352125, 668061.700434372, 88671.46637943952, 4833.037794181507, 32585.489340275984, -118.37569838966427, 43791.800629974576]",0.95
26,0.97
"[1953347056.9145627, 15.582499145339426, 116630.28002156671, 208468503705032.3, 1280.0804429852162, 47207.81484369836, -40572.817138145445, 75658.85486905632, -275902.4678047635, 201920.4575113077, 86432.95170854041, 2079.54542033075, -8093.052483838859, -125.58913925442707, 22948.913140101984]",0.95
26,0.97
"[1892187532.7480593, 24572.558063986, 116553.91929632744, 241113679900427.62, -42960.54285713987, 34170.70830139148, -32428.132685660872, 974.9145605878684, 288652.92412691074, 161820.69110079203, 46779.45807002613, 1622.5988519721286, 3025.804177379358, -77.5374662787635, 26866.018128234507]",0.95
26,0.97
"[1850051980.4386952, 24792.123426120605, 66077.31685014741, 264072941879672.4, -36499.17276985844, 20898.04704320261, -17137.01759169204, -103284.43699718891, 1251570.520641957, 234928.0153132686, 49631.60147358001, 992.976686134406, 3153.2422268197074, -69.92461730322287, 28414.47166991983]",0.95
26,0.97
"[1807916428.1293306, 25011.68878825521, 15600.714403966933, 287032203858917.4, -30037.80268257694, 7625.38578501362, -1845.9024977230733, -207543.78855496662, 2214488.1171570118, 308035.33952574583, 52483.744877133926, 363.3545202966779, 3280.680276260058, -62.31176832768219, 29962.925211605165]",0.95
26,0.97
26,0.9749999999999999
"[47949952.01113441, -138.7757660767075, 97.67024303990138, 1285690054046.7363, 529.6092337772365, -482.60259454366053, -136.17583481933627, 284.24929262946995, 7426.192580882795, -1881.1285986738267, -86.96434286492865, -5.08390825749705, -557.8218690873027, -4.223288617755914, 17.002496306678253]",1.0
26,0.9749999999999999
"[43016252.116748355, 15.582499145339426, -64.38800502735884, 162769179357.39154, 3.148046102292807, -123.58819237741005, 28.680912593635266, -7.084957306233882, -57.09938338565479, 1.2314519344906358, 1.1811033255639831, -0.05417459134575231, -8.189177704495357, 0.6616876953714104, -3.7060996771099686]",1.0
26,0.9749999999999999
"[43016252.116748355, 15.582499145339426, -64.38800502735884, 162769179357.39154, 3.148046102292807, -123.58819237741005, 28.680912593635266, -7.084957306233882, -57.09938338565479, 1.2314519344906358, 1.1811033255639831, -0.05417459134575231, -8.189177704495357, 0.6616876953714104, -3.7060996771099686]",1.0
26,0.9749999999999999
"[43016252.116748355, 15.582499145339426, -64.38800502735884, 162769179357.39154, 3.148046102292807, -123.58819237741005, 28.680912593635266, -7.084957306233882, -57.09938338565479, 1.2314519344906358, 1.1811033255639831, -0.05417459134575231, -8.189177704495357, 0.6616876953714104, -3.7060996771099686]",1.0
26,0.9749999999999999
"[4226267817.462803, 55024.69715991212, 296068.67846393096, 304019331713747.25, -43022.00431472664, 59324.72003054911, -67891.33891351856, -542424.7424276555, 1778367.6616445815, 1003839.7519471708, 131696.67924781845, 7253.710078659873, 49097.47643624408, -173.06018447384926, 65900.60936359361]",0.95
26,0.9749999999999999
"[2850878235.6488314, 36268.94548755265, 198714.86632352736, 205197626709541.56, -28254.642728822713, 39224.63637860413, -44028.39095034448, -361291.5234315747, 1181262.7417352125, 668061.700434372, 88671.46637943952, 4833.037794181507, 32585.489340275984, -118.37569838966427, 43791.800629974576]",0.95
26,0.9749999999999999
"[2850878235.6488314, 36268.94548755265, 198714.86632352736, 205197626709541.56, -28254.642728822713, 39224.63637860413, -44028.39095034448, -361291.5234315747, 1181262.7417352125, 668061.700434372, 88671.46637943952, 4833.037794181507, 32585.489340275984, -118.37569838966427, 43791.800629974576]",0.95
26,0.9749999999999999
"[2847352935.146964, 24572.558063986, 174901.25330962433, 345266547163264.8, -42322.07665869841, 57836.409819429304, -52728.881711030364, 38807.884473769045, 150730.23991622217, 262780.30413047835, 89995.34337263345, 2662.398649433174, -1016.6274756878133, -140.6628797536626, 38342.32774812402]",0.95
26,0.9749999999999999
"[2822336825.696765, 36898.01566570851, 196679.05129965386, 201501902948655.44, -28893.108927264173, 39650.60774505839, -45862.80298204955, -361782.52319052175, 1187707.741085284, 669809.517455953, 87361.53660976159, 4837.164094273453, 32800.63717725388, -113.54149143133158, 44002.85599876783]",0.95
26,0.9749999999999999
27,0.9749999999999999
"[47949952.01113441, -138.7757660767075, 97.67024303990138, 1285690054046.7363, 529.6092337772365, -482.60259454366053, -136.17583481933627, 284.24929262946995, 7426.192580882795, -1881.1285986738267, -86.96434286492865, -5.08390825749705, -557.8218690873027, -4.223288617755914, 17.002496306678253]",1.0
27,0.9749999999999999
"[43016252.116748355, 15.582499145339426, -64.38800502735884, 162769179357.39154, 3.148046102292807, -123.58819237741005, 28.680912593635266, -7.084957306233882, -57.09938338565479, 1.2314519344906358, 1.1811033255639831, -0.05417459134575231, -8.189177704495357, 0.6616876953714104, -3.7060996771099686]",1.0
27,0.9749999999999999
"[43016252.116748355, 15.582499145339426, -64.38800502735884, 162769179357.39154, 3.148046102292807, -123.58819237741005, 28.680912593635266, -7.084957306233882, -57.09938338565479, 1.2314519344906358, 1.1811033255639831, -0.05417459134575231, -8.189177704495357, 0.6616876953714104, -3.7060996771099686]",1.0
27,0.9749999999999999
"[43016252.116748355, 15.582499145339426, -64.38800502735884, 162769179357.39154, 3.148046102292807, -123.58819237741005, 28.680912593635266, -7.084957306233882, -57.09938338565479, 1.2314519344906358, 1.1811033255639831, -0.05417459134575231, -8.189177704495357, 0.6616876953714104, -3.7060996771099686]",1.0
27,0.9749999999999999
"[4226267817.462803, 55024.69715991212, 296068.67846393096, 304019331713747.25, -43022.00431472664, 59324.72003054911, -67891.33891351856, -542424.7424276555, 1778367.6616445815, 1003839.7519471708, 131696.67924781845, 7253.710078659873, 49097.47643624408, -173.06018447384926, 65900.60936359361]",0.95
27,0.9749999999999999
"[2850878235.6488314, 36268.94548755265, 198714.86632352736, 205197626709541.56, -28254.642728822713, 39224.63637860413, -44028.39095034448, -361291.5234315747, 1181262.7417352125, 668061.700434372, 88671.46637943952, 4833.037794181507, 32585.489340275984, -118.37569838966427, 43791.800629974576]",0.95
27,0.9749999999999999
"[2850878235.6488314, 36268.94548755265, 198714.86632352736, 205197626709541.56, -28254.642728822713, 39224.63637860413, -44028.39095034448, -361291.5234315747, 1181262.7417352125, 668061.700434372, 88671.46637943952, 4833.037794181507, 32585.489340275984, -118.37569838966427, 43791.800629974576]",0.95
27,0.9749999999999999
"[2847352935.146964, 24572.558063986, 174901.25330962433, 345266547163264.8, -42322.07665869841, 57836.409819429304, -52728.881711030364, 38807.884473769045, 150730.23991622217, 262780.30413047835, 89995.34337263345, 2662.398649433174, -1016.6274756878133, -140.6628797536626, 38342.32774812402]",0.95
27,0.9749999999999999
"[2822336825.696765, 36898.01566570851, 196679.05129965386, 201501902948655.44, -28893.108927264173, 39650.60774505839, -45862.80298204955, -361782.52319052175, 1187707.741085284, 669809.517455953, 87361.53660976159, 4837.164094273453, 32800.63717725388, -113.54149143133158, 44002.85599876783]",0.95
27,0.9749999999999999
27,0.9899999999999999
"[47949952.01113441, -138.7757660767075, 97.67024303990138, 1285690054046.7363, 529.6092337772365, -482.60259454366053, -136.17583481933627, 284.24929262946995, 7426.192580882795, -1881.1285986738267, -86.96434286492865, -5.08390825749705, -557.8218690873027, -4.223288617755914, 17.002496306678253]",1.0
27,0.9899999999999999
"[43016252.116748355, 15.582499145339426, -64.38800502735884, 162769179357.39154, 3.148046102292807, -123.58819237741005, 28.680912593635266, -7.084957306233882, -57.09938338565479, 1.2314519344906358, 1.1811033255639831, -0.05417459134575231, -8.189177704495357, 0.6616876953714104, -3.7060996771099686]",1.0
27,0.9899999999999999
"[43016252.116748355, 15.582499145339426, -64.38800502735884, 162769179357.39154, 3.148046102292807, -123.58819237741005, 28.680912593635266, -7.084957306233882, -57.09938338565479, 1.2314519344906358, 1.1811033255639831, -0.05417459134575231, -8.189177704495357, 0.6616876953714104, -3.7060996771099686]",1.0
27,0.9899999999999999
"[43016252.116748355, 15.582499145339426, -64.38800502735884, 162769179357.39154, 3.148046102292807, -123.58819237741005, 28.680912593635266, -7.084957306233882, -57.09938338565479, 1.2314519344906358, 1.1811033255639831, -0.05417459134575231, -8.189177704495357, 0.6616876953714104, -3.7060996771099686]",1.0
27,0.9899999999999999
"[43016252.116748355, 15.582499145339426, -64.38800502735884, 162769179357.39154, 3.148046102292807, -123.58819237741005, 28.680912593635266, -7.084957306233882, -57.09938338565479, 1.2314519344906358, 1.1811033255639831, -0.05417459134575231, -8.189177704495357, 0.6616876953714104, -3.7060996771099686]",1.0
27,0.9899999999999999
"[43016252.116748355, 15.582499145339426, -64.38800502735884, 162769179357.39154, 3.148046102292807, -123.58819237741005, 28.680912593635266, -7.084957306233882, -57.09938338565479, 1.2314519344906358, 1.1811033255639831, -0.05417459134575231, -8.189177704495357, 0.6616876953714104, -3.7060996771099686]",1.0
27,0.9899999999999999
"[43016252.116748355, 15.582499145339426, -64.38800502735884, 162769179357.39154, 3.148046102292807, -123.58819237741005, 28.680912593635266, -7.084957306233882, -57.09938338565479, 1.2314519344906358, 1.1811033255639831, -0.05417459134575231, -8.189177704495357, 0.6616876953714104, -3.7060996771099686]",1.0
27,0.9899999999999999
"[4226267817.462803, 55024.69715991212, 296068.67846393096, 304019331713747.25, -43022.00431472664, 59324.72003054911, -67891.33891351856, -542424.7424276555, 1778367.6616445815, 1003839.7519471708, 131696.67924781845, 7253.710078659873, 49097.47643624408, -173.06018447384926, 65900.60936359361]",0.95
27,0.9899999999999999
"[4226267817.462803, 55024.69715991212, 296068.67846393096, 304019331713747.25, -43022.00431472664, 59324.72003054911, -67891.33891351856, -542424.7424276555, 1778367.6616445815, 1003839.7519471708, 131696.67924781845, 7253.710078659873, 49097.47643624408, -173.06018447384926, 65900.60936359361]",0.95
27,0.9899999999999999
27,1.0
"[47949952.01113441, -138.7757660767075, 97.67024303990138, 1285690054046.7363, 529.6092337772365, -482.60259454366053, -136.17583481933627, 284.24929262946995, 7426.192580882795, -1881.1285986738267, -86.96434286492865, -5.08390825749705, -557.8218690873027, -4.223288617755914, 17.002496306678253]",1.0
27,1.0
"[47949952.01113441, -138.7757660767075, 97.67024303990138, 1285690054046.7363, 529.6092337772365, -482.60259454366053, -136.17583481933627, 284.24929262946995, 7426.192580882795, -1881.1285986738267, -86.96434286492865, -5.08390825749705, -557.8218690873027, -4.223288617755914, 17.002496306678253]",1.0
27,1.0
"[45483102.063941434, -61.59663346568563, 16.641119006272945, 724229616702.0754, 266.3786399397701, -303.09539346053896, -53.74746111285221, 138.58216766162104, 3684.5465987486473, -939.9485733696874, -42.891619769683246, -2.569041424421453, -283.00552339590473, -1.7808004611923027, 6.648198314784356]",1.0
27,1.0
"[43016252.116748355, 15.582499145339426, -64.38800502735884, 162769179357.39154, 3.148046102292807, -123.58819237741005, 28.680912593635266, -7.084957306233882, -57.09938338565479, 1.2314519344906358, 1.1811033255639831, -0.05417459134575231, -8.189177704495357, 0.6616876953714104, -3.7060996771099686]",1.0
27,1.0
"[43016252.116748355, 15.582499145339426, -64.38800502735884, 162769179357.39154, 3.148046102292807, -123.58819237741005, 28.680912593635266, -7.084957306233882, -57.09938338565479, 1.2314519344906358, 1.1811033255639831, -0.05417459134575231, -8.189177704495357, 0.6616876953714104, -3.7060996771099686]",1.0
27,1.0
"[43016252.116748355, 15.582499145339426, -64.38800502735884, 162769179357.39154, 3.148046102292807, -123.58819237741005, 28.680912593635266, -7.084957306233882, -57.09938338565479, 1.2314519344906358, 1.1811033255639831, -0.05417459134575231, -8.189177704495357, 0.6616876953714104, -3.7060996771099686]",1.0
27,1.0
"[43016252.116748355, 15.582499145339426, -64.38800502735884, 162769179357.39154, 3.148046102292807, -123.58819237741005, 28.680912593635266, -7.084957306233882, -57.09938338565479, 1.2314519344906358, 1.1811033255639831, -0.05417459134575231, -8.189177704495357, 0.6616876953714104, -3.7060996771099686]",1.0
27,1.0
"[43016252.116748355, 15.582499145339426, -64.38800502735884, 162769179357.39154, 3.148046102292807, -123.58819237741005, 28.680912593635266, -7.084957306233882, -57.09938338565479, 1.2314519344906358, 1.1811033255639831, -0.05417459134575231, -8.189177704495357, 0.6616876953714104, -3.7060996771099686]",1.0
27,1.0
"[43016252.116748355, 15.582499145339426, -64.38800502735884, 162769179357.39154, 3.148046102292807, -123.58819237741005, 28.680912593635266, -7.084957306233882, -57.09938338565479, 1.2314519344906358, 1.1811033255639831, -0.05417459134575231, -8.189177704495357, 0.6616876953714104, -3.7060996771099686]",1.0
27,1.0
28,1.0
"[47949952.01113441, -138.7757660767075, 97.67024303990138, 1285690054046.7363, 529.6092337772365, -482.60259454366053, -136.17583481933627, 284.24929262946995, 7426.192580882795, -1881.1285986738267, -86.96434286492865, -5.08390825749705, -557.8218690873027, -4.223288617755914, 17.002496306678253]",1.0
28,1.0
"[47949952.01113441, -138.7757660767075, 97.67024303990138, 1285690054046.7363, 529.6092337772365, -482.60259454366053, -136.17583481933627, 284.24929262946995, 7426.192580882795, -1881.1285986738267, -86.96434286492865, -5.08390825749705, -557.8218690873027, -4.223288617755914, 17.002496306678253]",1.0
28,1.0
"[45483102.063941434, -61.59663346568563, 16.641119006272945, 724229616702.0754, 266.3786399397701, -303.09539346053896, -53.74746111285221, 138.58216766162104, 3684.5465987486473, -939.9485733696874, -42.891619769683246, -2.569041424421453, -283.00552339590473, -1.7808004611923027, 6.648198314784356]",1.0
28,1.0
"[43016252.116748355, 15.582499145339426, -64.38800502735884, 162769179357.39154, 3.148046102292807, -123.58819237741005, 28.680912593635266, -7.084957306233882, -57.09938338565479, 1.2314519344906358, 1.1811033255639831, -0.05417459134575231, -8.189177704495357, 0.6616876953714104, -3.7060996771099686]",1.0
28,1.0
"[43016252.116748355, 15.582499145339426, -64.38800502735884, 162769179357.39154, 3.148046102292807, -123.58819237741005, 28.680912593635266, -7.084957306233882, -57.09938338565479, 1.2314519344906358, 1.1811033255639831, -0.05417459134575231, -8.189177704495357, 0.6616876953714104, -3.7060996771099686]",1.0
28,1.0
"[43016252.116748355, 15.582499145339426, -64.38800502735884, 162769179357.39154, 3.148046102292807, -123.58819237741005, 28.680912593635266, -7.084957306233882, -57.09938338565479, 1.2314519344906358, 1.1811033255639831, -0.05417459134575231, -8.189177704495357, 0.6616876953714104, -3.7060996771099686]",1.0
28,1.0
"[43016252.116748355, 15.582499145339426, -64.38800502735884, 162769179357.39154, 3.148046102292807, -123.58819237741005, 28.680912593635266, -7.084957306233882, -57.09938338565479, 1.2314519344906358, 1.1811033255639831, -0.05417459134575231, -8.189177704495357, 0.6616876953714104, -3.7060996771099686]",1.0
28,1.0
"[43016252.116748355, 15.582499145339426, -64.38800502735884, 162769179357.39154, 3.148046102292807, -123.58819237741005, 28.680912593635266, -7.084957306233882, -57.09938338565479, 1.2314519344906358, 1.1811033255639831, -0.05417459134575231, -8.189177704495357, 0.6616876953714104, -3.7060996771099686]",1.0
28,1.0
"[43016252.116748355, 15.582499145339426, -64.38800502735884, 162769179357.39154, 3.148046102292807, -123.58819237741005, 28.680912593635266, -7.084957306233882, -57.09938338565479, 1.2314519344906358, 1.1811033255639831, -0.05417459134575231, -8.189177704495357, 0.6616876953714104, -3.7060996771099686]",1.0
28,1.0
28,1.0
"[96772277.27968395, -1114.8623753237387, 3756.0484956086407, 6804018642485.189, 1280.0804429852162, -566.4865559604098, 3160.2793953181604, 904.8152002569827, -11638.822272560128, 1.2314519344906358, 1.1811033255639831, -7.469173666863368, -394.81181220571426, -12.910402818893557, -401.5812997206344]",1.0
28,1.0
"[47949952.01113441, -138.7757660767075, 97.67024303990138, 1285690054046.7363, 529.6092337772365, -482.60259454366053, -136.17583481933627, 284.24929262946995, 7426.192580882795, -1881.1285986738267, -86.96434286492865, -5.08390825749705, -557.8218690873027, -4.223288617755914, 17.002496306678253]",1.0
28,1.0
"[47949952.01113441, -138.7757660767075, 97.67024303990138, 1285690054046.7363, 529.6092337772365, -482.60259454366053, -136.17583481933627, 284.24929262946995, 7426.192580882795, -1881.1285986738267, -86.96434286492865, -5.08390825749705, -557.8218690873027, -4.223288617755914, 17.002496306678253]",1.0
28,1.0
"[45483102.063941434, -61.59663346568563, 16.641119006272945, 724229616702.0754, 266.3786399397701, -303.09539346053896, -53.74746111285221, 138.58216766162104, 3684.5465987486473, -939.9485733696874, -42.891619769683246, -2.569041424421453, -283.00552339590473, -1.7808004611923027, 6.648198314784356]",1.0
28,1.0
"[43016252.116748355, 15.582499145339426, -64.38800502735884, 162769179357.39154, 3.148046102292807, -123.58819237741005, 28.680912593635266, -7.084957306233882, -57.09938338565479, 1.2314519344906358, 1.1811033255639831, -0.05417459134575231, -8.189177704495357, 0.6616876953714104, -3.7060996771099686]",1.0
28,1.0
"[43016252.116748355, 15.582499145339426, -64.38800502735884, 162769179357.39154, 3.148046102292807, -123.58819237741005, 28.680912593635266, -7.084957306233882, -57.09938338565479, 1.2314519344906358, 1.1811033255639831, -0.05417459134575231, -8.189177704495357, 0.6616876953714104, -3.7060996771099686]",1.0
28,1.0
"[43016252.116748355, 15.582499145339426, -64.38800502735884, 162769179357.39154, 3.148046102292807, -123.58819237741005, 28.680912593635266, -7.084957306233882, -57.09938338565479, 1.2314519344906358, 1.1811033255639831, -0.05417459134575231, -8.189177704495357, 0.6616876953714104, -3.7060996771099686]",1.0
28,1.0
"[43016252.116748355, 15.582499145339426, -64.38800502735884, 162769179357.39154, 3.148046102292807, -123.58819237741005, 28.680912593635266, -7.084957306233882, -57.09938338565479, 1.2314519344906358, 1.1811033255639831, -0.05417459134575231, -8.189177704495357, 0.6616876953714104, -3.7060996771099686]",1.0
28,1.0
"[43016252.116748355, 15.582499145339426, -64.38800502735884, 162769179357.39154, 3.148046102292807, -123.58819237741005, 28.680912593635266, -7.084957306233882, -57.09938338565479, 1.2314519344906358, 1.1811033255639831, -0.05417459134575231, -8.189177704495357, 0.6616876953714104, -3.7060996771099686]",1.0
28,1.0
28,1.0
"[96772277.27968395, -1114.8623753237387, 3756.0484956086407, 6804018642485.189, 1280.0804429852162, -566.4865559604098, 3160.2793953181604, 904.8152002569827, -11638.822272560128, 1.2314519344906358, 1.1811033255639831, -7.469173666863368, -394.81181220571426, -12.910402818893557, -401.5812997206344]",1.0
28,1.0
"[47949952.01113441, -138.7757660767075, 97.67024303990138, 1285690054046.7363, 529.6092337772365, -482.60259454366053, -136.17583481933627, 284.24929262946995, 7426.192580882795, -1881.1285986738267, -86.96434286492865, -5.08390825749705, -557.8218690873027, -4.223288617755914, 17.002496306678253]",1.0
28,1.0
"[47949952.01113441, -138.7757660767075, 97.67024303990138, 1285690054046.7363, 529.6092337772365, -482.60259454366053, -136.17583481933627, 284.24929262946995, 7426.192580882795, -1881.1285986738267, -86.96434286492865, -5.08390825749705, -557.8218690873027, -4.223288617755914, 17.002496306678253]",1.0
28,1.0
"[45483102.063941434, -61.59663346568563, 16.641119006272945, 724229616702.0754, 266.3786399397701, -303.09539346053896, -53.74746111285221, 138.58216766162104, 3684.5465987486473, -939.9485733696874, -42.891619769683246, -2.569041424421453, -283.00552339590473, -1.7808004611923027, 6.648198314784356]",1.0
28,1.0
"[43016252.116748355, 15.582499145339426, -64.38800502735884, 162769179357.39154, 3.148046102292807, -123.58819237741005, 28.680912593635266, -7.084957306233882, -57.09938338565479, 1.2314519344906358, 1.1811033255639831, -0.05417459134575231, -8.189177704495357, 0.6616876953714104, -3.7060996771099686]",1.0
28,1.0
"[43016252.116748355, 15.582499145339426, -64.38800502735884, 162769179357.39154, 3.148046102292807, -123.58819237741005, 28.680912593635266, -7.084957306233882, -57.09938338565479, 1.2314519344906358, 1.1811033255639831, -0.05417459134575231, -8.189177704495357, 0.6616876953714104, -3.7060996771099686]",1.0
28,1.0
"[43016252.116748355, 15.582499145339426, -64.38800502735884, 162769179357.39154, 3.148046102292807, -123.58819237741005, 28.680912593635266, -7.084957306233882, -57.09938338565479, 1.2314519344906358, 1.1811033255639831, -0.05417459134575231, -8.189177704495357, 0.6616876953714104, -3.7060996771099686]",1.0
28,1.0
"[43016252.116748355, 15.582499145339426, -64.38800502735884, 162769179357.39154, 3.148046102292807, -123.58819237741005, 28.680912593635266, -7.084957306233882, -57.09938338565479, 1.2314519344906358, 1.1811033255639831, -0.05417459134575231, -8.189177704495357, 0.6616876953714104, -3.7060996771099686]",1.0
28,1.0
"[43016252.116748355, 15.582499145339426, -64.38800502735884, 162769179357.39154, 3.148046102292807, -123.58819237741005, 28.680912593635266, -7.084957306233882, -57.09938338565479, 1.2314519344906358, 1.1811033255639831, -0.05417459134575231, -8.189177704495357, 0.6616876953714104, -3.7060996771099686]",1.0
28,1.0
29,1.0
"[96772277.27968395, -1114.8623753237387, 3756.0484956086407, 6804018642485.189, 1280.0804429852162, -566.4865559604098, 3160.2793953181604, 904.8152002569827, -11638.822272560128, 1.2314519344906358, 1.1811033255639831, -7.469173666863368, -394.81181220571426, -12.910402818893557, -401.5812997206344]",1.0
29,1.0
"[47949952.01113441, -138.7757660767075, 97.67024303990138, 1285690054046.7363, 529.6092337772365, -482.60259454366053, -136.17583481933627, 284.24929262946995, 7426.192580882795, -1881.1285986738267, -86.96434286492865, -5.08390825749705, -557.8218690873027, -4.223288617755914, 17.002496306678253]",1.0
29,1.0
"[47949952.01113441, -138.7757660767075, 97.67024303990138, 1285690054046.7363, 529.6092337772365, -482.60259454366053, -136.17583481933627, 284.24929262946995, 7426.192580882795, -1881.1285986738267, -86.96434286492865, -5.08390825749705, -557.8218690873027, -4.223288617755914, 17.002496306678253]",1.0
29,1.0
"[45483102.063941434, -61.59663346568563, 16.641119006272945, 724229616702.0754, 266.3786399397701, -303.09539346053896, -53.74746111285221, 138.58216766162104, 3684.5465987486473, -939.9485733696874, -42.891619769683246, -2.569041424421453, -283.00552339590473, -1.7808004611923027, 6.648198314784356]",1.0
29,1.0
"[43016252.116748355, 15.582499145339426, -64.38800502735884, 162769179357.39154, 3.148046102292807, -123.58819237741005, 28.680912593635266, -7.084957306233882, -57.09938338565479, 1.2314519344906358, 1.1811033255639831, -0.05417459134575231, -8.189177704495357, 0.6616876953714104, -3.7060996771099686]",1.0
29,1.0
"[43016252.116748355, 15.582499145339426, -64.38800502735884, 162769179357.39154, 3.148046102292807, -123.58819237741005, 28.680912593635266, -7.084957306233882, -57.09938338565479, 1.2314519344906358, 1.1811033255639831, -0.05417459134575231, -8.189177704495357, 0.6616876953714104, -3.7060996771099686]",1.0
29,1.0
"[43016252.116748355, 15.582499145339426, -64.38800502735884, 162769179357.39154, 3.148046102292807, -123.58819237741005, 28.680912593635266, -7.084957306233882, -57.09938338565479, 1.2314519344906358, 1.1811033255639831, -0.05417459134575231, -8.189177704495357, 0.6616876953714104, -3.7060996771099686]",1.0
29,1.0
"[43016252.116748355, 15.582499145339426, -64.38800502735884, 162769179357.39154, 3.148046102292807, -123.58819237741005, 28.680912593635266, -7.084957306233882, -57.09938338565479, 1.2314519344906358, 1.1811033255639831, -0.05417459134575231, -8.189177704495357, 0.6616876953714104, -3.7060996771099686]",1.0
29,1.0
"[43016252.116748355, 15.582499145339426, -64.38800502735884, 162769179357.39154, 3.148046102292807, -123.58819237741005, 28.680912593635266, -7.084957306233882, -57.09938338565479, 1.2314519344906358, 1.1811033255639831, -0.05417459134575231, -8.189177704495357, 0.6616876953714104, -3.7060996771099686]",1.0
29,1.0
29,1.0
"[96772277.27968395, -1114.8623753237387, 3756.0484956086407, 6804018642485.189, 1280.0804429852162, -566.4865559604098, 3160.2793953181604, 904.8152002569827, -11638.822272560128, 1.2314519344906358, 1.1811033255639831, -7.469173666863368, -394.81181220571426, -12.910402818893557, -401.5812997206344]",1.0
29,1.0
"[50347088.23480615, -890.9759323774632, 2869.442494335543, 162769179357.39154, 543.9032956334856, -478.76981589743696, 250.92436219526388, 700.4990083714864, -5603.397266424721, -2517.5626551370133, 1888.9321343560464, -11.030354726018022, -120.22047473623323, -6.304929432546071, -287.15120663721575]",1.0
29,1.0
"[47949952.01113441, -138.7757660767075, 97.67024303990138, 1285690054046.7363, 529.6092337772365, -482.60259454366053, -136.17583481933627, 284.24929262946995, 7426.192580882795, -1881.1285986738267, -86.96434286492865, -5.08390825749705, -557.8218690873027, -4.223288617755914, 17.002496306678253]",1.0
29,1.0
"[47949952.01113441, -138.7757660767075, 97.67024303990138, 1285690054046.7363, 529.6092337772365, -482.60259454366053, -136.17583481933627, 284.24929262946995, 7426.192580882795, -1881.1285986738267, -86.96434286492865, -5.08390825749705, -557.8218690873027, -4.223288617755914, 17.002496306678253]",1.0
29,1.0
"[46571250.74263352, -194.38752120015826, -2700.4481504060345, 7613144096394.694, 645.7225073881966, -382.27756013288996, 3160.2793953181604, 494.1714363279964, 12818.310711201775, -1355.1111583949585, -86.96434286492865, -11.930970947380318, -953.8620629448164, -12.910402818893557, 11.215568004815259]",1.0
29,1.0
"[45483102.063941434, -61.59663346568563, 16.641119006272945, 724229616702.0754, 266.3786399397701, -303.09539346053896, -53.74746111285221, 138.58216766162104, 3684.5465987486473, -939.9485733696874, -42.891619769683246, -2.569041424421453, -283.00552339590473, -1.7808004611923027, 6.648198314784356]",1.0
29,1.0
"[43016252.116748355, 15.582499145339426, -64.38800502735884, 162769179357.39154, 3.148046102292807, -123.58819237741005, 28.680912593635266, -7.084957306233882, -57.09938338565479, 1.2314519344906358, 1.1811033255639831, -0.05417459134575231, -8.189177704495357, 0.6616876953714104, -3.7060996771099686]",1.0
29,1.0
"[43016252.116748355, 15.582499145339426, -64.38800502735884, 162769179357.39154, 3.148046102292807, -123.58819237741005, 28.680912593635266, -7.084957306233882, -57.09938338565479, 1.2314519344906358, 1.1811033255639831, -0.05417459134575231, -8.189177704495357, 0.6616876953714104, -3.7060996771099686]",1.0
29,1.0
"[43016252.116748355, 15.582499145339426, -64.38800502735884, 162769179357.39154, 3.148046102292807, -123.58819237741005, 28.680912593635266, -7.084957306233882, -57.09938338565479, 1.2314519344906358, 1.1811033255639831, -0.05417459134575231, -8.189177704495357, 0.6616876953714104, -3.7060996771099686]",1.0
29,1.0
29,1.0
"[100099072.0208812, -1242.557857166379, 4007.2420427196344, 7554216701129.649, 1280.0804429852162, -975.5309252859258, 3697.5049760037837, 974.9145605878684, -12947.0980835285, -3494.4025912276675, 2621.040642681429, -8.306774775237322, -438.48485166028405, -9.006726221293988, -425.8168372636195]",1.0
29,1.0
"[96772277.27968395, -1114.8623753237387, 3756.0484956086407, 6804018642485.189, 1280.0804429852162, -566.4865559604098, 3160.2793953181604, 904.8152002569827, -11638.822272560128, 1.2314519344906358, 1.1811033255639831, -7.469173666863368, -394.81181220571426, -12.910402818893557, -401.5812997206344]",1.0
29,1.0
"[71557662.0688149, -613.4876790105227, 1971.427018846147, 3858492940243.537, 641.6142445437574, -549.5595588316698, 1863.0929442987176, 483.9148016408194, -6502.0987334571055, -1746.585569646596, 1311.1108730035023, -4.180474683291556, -223.33701468239067, -4.172519262961311, -214.76146847036566]",1.0
29,1.0
"[50347088.23480615, -890.9759323774632, 2869.442494335543, 162769179357.39154, 543.9032956334856, -478.76981589743696, 250.92436219526388, 700.4990083714864, -5603.397266424721, -2517.5626551370133, 1888.9321343560464, -11.030354726018022, -120.22047473623323, -6.304929432546071, -287.15120663721575]",1.0
29,1.0
"[47949952.01113441, -138.7757660767075, 97.67024303990138, 1285690054046.7363, 529.6092337772365, -482.60259454366053, -136.17583481933627, 284.24929262946995, 7426.192580882795, -1881.1285986738267, -86.96434286492865, -5.08390825749705, -557.8218690873027, -4.223288617755914, 17.002496306678253]",1.0
29,1.0
"[47949952.01113441, -138.7757660767075, 97.67024303990138, 1285690054046.7363, 529.6092337772365, -482.60259454366053, -136.17583481933627, 284.24929262946995, 7426.192580882795, -1881.1285986738267, -86.96434286492865, -5.08390825749705, -557.8218690873027, -4.223288617755914, 17.002496306678253]",1.0
29,1.0
"[46571250.74263352, -194.38752120015826, -2700.4481504060345, 7613144096394.694, 645.7225073881966, -382.27756013288996, 3160.2793953181604, 494.1714363279964, 12818.310711201775, -1355.1111583949585, -86.96434286492865, -11.930970947380318, -953.8620629448164, -12.910402818893557, 11.215568004815259]",1.0
29,1.0
"[45483102.063941434, -61.59663346568563, 16.641119006272945, 724229616702.0754, 266.3786399397701, -303.09539346053896, -53.74746111285221, 138.58216766162104, 3684.5465987486473, -939.9485733696874, -42.891619769683246, -2.569041424421453, -283.00552339590473, -1.7808004611923027, 6.648198314784356]",1.0
29,1.0
"[43016252.116748355, 15.582499145339426, -64.38800502735884, 162769179357.39154, 3.148046102292807, -123.58819237741005, 28.680912593635266, -7.084957306233882, -57.09938338565479, 1.2314519344906358, 1.1811033255639831, -0.05417459134575231, -8.189177704495357, 0.6616876953714104, -3.7060996771099686]",1.0
29,1.0
30,1.0
"[100099072.0208812, -1242.557857166379, 4007.2420427196344, 7554216701129.649, 1280.0804429852162, -975.5309252859258, 3697.5049760037837, 974.9145605878684, -12947.0980835285, -3494.4025912276675, 2621.040642681429, -8.306774775237322, -438.48485166028405, -9.006726221293988, -425.8168372636195]",1.0
30,1.0
"[96772277.27968395, -1114.8623753237387, 3756.0484956086407, 6804018642485.189, 1280.0804429852162, -566.4865559604098, 3160.2793953181604, 904.8152002569827, -11638.822272560128, 1.2314519344906358, 1.1811033255639831, -7.469173666863368, -394.81181220571426, -12.910402818893557, -401.5812997206344]",1.0
30,1.0
"[71557662.0688149, -613.4876790105227, 1971.427018846147, 3858492940243.537, 641.6142445437574, -549.5595588316698, 1863.0929442987176, 483.9148016408194, -6502.0987334571055, -1746.585569646596, 1311.1108730035023, -4.180474683291556, -223.33701468239067, -4.172519262961311, -214.76146847036566]",1.0
30,1.0
"[50347088.23480615, -890.9759323774632, 2869.442494335543, 162769179357.39154, 543.9032956334856, -478.76981589743696, 250.92436219526388, 700.4990083714864, -5603.397266424721, -2517.5626551370133, 1888.9321343560464, -11.030354726018022, -120.22047473623323, -6.304929432546071, -287.15120663721575]",1.0
30,1.0
"[47949952.01113441, -138.7757660767075, 97.67024303990138, 1285690054046.7363, 529.6092337772365, -482.60259454366053, -136.17583481933627, 284.24929262946995, 7426.192580882795, -1881.1285986738267, -86.96434286492865, -5.08390825749705, -557.8218690873027, -4.223288617755914, 17.002496306678253]",1.0
30,1.0
"[47949952.01113441, -138.7757660767075, 97.67024303990138, 1285690054046.7363, 529.6092337772365, -482.60259454366053, -136.17583481933627, 284.24929262946995, 7426.192580882795, -1881.1285986738267, -86.96434286492865, -5.08390825749705, -557.8218690873027, -4.223288617755914, 17.002496306678253]",1.0
30,1.0
"[46571250.74263352, -194.38752120015826, -2700.4481504060345, 7613144096394.694, 645.7225073881966, -382.27756013288996, 3160.2793953181604, 494.1714363279964, 12818.310711201775, -1355.1111583949585, -86.96434286492865, -11.930970947380318, -953.8620629448164, -12.910402818893557, 11.215568004815259]",1.0
30,1.0
"[45483102.063941434, -61.59663346568563, 16.641119006272945, 724229616702.0754, 266.3786399397701, -303.09539346053896, -53.74746111285221, 138.58216766162104, 3684.5465987486473, -939.9485733696874, -42.891619769683246, -2.569041424421453, -283.00552339590473, -1.7808004611923027, 6.648198314784356]",1.0
30,1.0
"[43016252.116748355, 15.582499145339426, -64.38800502735884, 162769179357.39154, 3.148046102292807, -123.58819237741005, 28.680912593635266, -7.084957306233882, -57.09938338565479, 1.2314519344906358, 1.1811033255639831, -0.05417459134575231, -8.189177704495357, 0.6616876953714104, -3.7060996771099686]",1.0
30,1.0
30,1.0
"[100099072.0208812, -1242.557857166379, 4007.2420427196344, 7554216701129.649, 1280.0804429852162, -975.5309252859258, 3697.5049760037837, 974.9145605878684, -12947.0980835285, -3494.4025912276675, 2621.040642681429, -8.306774775237322, -438.48485166028405, -9.006726221293988, -425.8168372636195]",1.0
30,1.0
"[96772277.27968395, -1114.8623753237387, 3756.0484956086407, 6804018642485.189, 1280.0804429852162, -566.4865559604098, 3160.2793953181604, 904.8152002569827, -11638.822272560128, 1.2314519344906358, 1.1811033255639831, -7.469173666863368, -394.81181220571426, -12.910402818893557, -401.5812997206344]",1.0
30,1.0
"[71557662.0688149, -613.4876790105227, 1971.427018846147, 3858492940243.537, 641.6142445437574, -549.5595588316698, 1863.0929442987176, 483.9148016408194, -6502.0987334571055, -1746.585569646596, 1311.1108730035023, -4.180474683291556, -223.33701468239067, -4.172519262961311, -214.76146847036566]",1.0
30,1.0
"[50347088.23480615, -890.9759323774632, 2869.442494335543, 162769179357.39154, 543.9032956334856, -478.76981589743696, 250.92436219526388, 700.4990083714864, -5603.397266424721, -2517.5626551370133, 1888.9321343560464, -11.030354726018022, -120.22047473623323, -6.304929432546071, -287.15120663721575]",1.0
30,1.0
"[47949952.01113441, -138.7757660767075, 97.67024303990138, 1285690054046.7363, 529.6092337772365, -482.60259454366053, -136.17583481933627, 284.24929262946995, 7426.192580882795, -1881.1285986738267, -86.96434286492865, -5.08390825749705, -557.8218690873027, -4.223288617755914, 17.002496306678253]",1.0
30,1.0
"[47949952.01113441, -138.7757660767075, 97.67024303990138, 1285690054046.7363, 529.6092337772365, -482.60259454366053, -136.17583481933627, 284.24929262946995, 7426.192580882795, -1881.1285986738267, -86.96434286492865, -5.08390825749705, -557.8218690873027, -4.223288617755914, 17.002496306678253]",1.0
30,1.0
"[47949952.01113441, -138.7757660767075, 97.67024303990138, 1285690054046.7363, 529.6092337772365, -482.60259454366053, -136.17583481933627, 284.24929262946995, 7426.192580882795, -1881.1285986738267, -86.96434286492865, -5.08390825749705, -557.8218690873027, -4.223288617755914, 17.002496306678253]",1.0
30,1.0
"[47949952.01113441, -138.7757660767075, 97.67024303990138, 1285690054046.7363, 529.6092337772365, -482.60259454366053, -136.17583481933627, 284.24929262946995, 7426.192580882795, -1881.1285986738267, -86.96434286492865, -5.08390825749705, -557.8218690873027, -4.223288617755914, 17.002496306678253]",1.0
30,1.0
"[46571250.74263352, -194.38752120015826, -2700.4481504060345, 7613144096394.694, 645.7225073881966, -382.27756013288996, 3160.2793953181604, 494.1714363279964, 12818.310711201775, -1355.1111583949585, -86.96434286492865, -11.930970947380318, -953.8620629448164, -12.910402818893557, 11.215568004815259]",1.0
30,1.0
30,1.0
"[100099072.0208812, -1242.557857166379, 4007.2420427196344, 7554216701129.649, 1280.0804429852162, -975.5309252859258, 3697.5049760037837, 974.9145605878684, -12947.0980835285, -3494.4025912276675, 2621.040642681429, -8.306774775237322, -438.48485166028405, -9.006726221293988, -425.8168372636195]",1.0
30,1.0
"[96772277.27968395, -1114.8623753237387, 3756.0484956086407, 6804018642485.189, 1280.0804429852162, -566.4865559604098, 3160.2793953181604, 904.8152002569827, -11638.822272560128, 1.2314519344906358, 1.1811033255639831, -7.469173666863368, -394.81181220571426, -12.910402818893557, -401.5812997206344]",1.0
30,1.0
"[71557662.0688149, -613.4876790105227, 1971.427018846147, 3858492940243.537, 641.6142445437574, -549.5595588316698, 1863.0929442987176, 483.9148016408194, -6502.0987334571055, -1746.585569646596, 1311.1108730035023, -4.180474683291556, -223.33701468239067, -4.172519262961311, -214.76146847036566]",1.0
30,1.0
"[67637038.05445018, -531.7778502480036, 1645.4854801608458, 3429380432983.2305, 660.2501185385432, -518.3282085750989, 1461.5523033329002, 463.69357172795213, -3528.6507445438365, -1512.7677841985262, 782.6204628972304, -4.591263209963907, -312.4831464313413, -4.959638736172797, -172.33167051469576]",1.0
30,1.0
"[50347088.23480615, -890.9759323774632, 2869.442494335543, 162769179357.39154, 543.9032956334856, -478.76981589743696, 250.92436219526388, 700.4990083714864, -5603.397266424721, -2517.5626551370133, 1888.9321343560464, -11.030354726018022, -120.22047473623323, -6.304929432546071, -287.15120663721575]",1.0
30,1.0
"[47949952.01113441, -138.7757660767075, 97.67024303990138, 1285690054046.7363, 529.6092337772365, -482.60259454366053, -136.17583481933627, 284.24929262946995, 7426.192580882795, -1881.1285986738267, -86.96434286492865, -5.08390825749705, -557.8218690873027, -4.223288617755914, 17.002496306678253]",1.0
30,1.0
"[47949952.01113441, -138.7757660767075, 97.67024303990138, 1285690054046.7363, 529.6092337772365, -482.60259454366053, -136.17583481933627, 284.24929262946995, 7426.192580882795, -1881.1285986738267, -86.96434286492865, -5.08390825749705, -557.8218690873027, -4.223288617755914, 17.002496306678253]",1.0
30,1.0
"[47949952.01113441, -138.7757660767075, 97.67024303990138, 1285690054046.7363, 529.6092337772365, -482.60259454366053, -136.17583481933627, 284.24929262946995, 7426.192580882795, -1881.1285986738267, -86.96434286492865, -5.08390825749705, -557.8218690873027, -4.223288617755914, 17.002496306678253]",1.0
30,1.0
"[47949952.01113441, -138.7757660767075, 97.67024303990138, 1285690054046.7363, 529.6092337772365, -482.60259454366053, -136.17583481933627, 284.24929262946995, 7426.192580882795, -1881.1285986738267, -86.96434286492865, -5.08390825749705, -557.8218690873027, -4.223288617755914, 17.002496306678253]",1.0
30,1.0
31,1.0
"[100099072.0208812, -1242.557857166379, 4007.2420427196344, 7554216701129.649, 1280.0804429852162, -975.5309252859258, 3697.5049760037837, 974.9145605878684, -12947.0980835285, -3494.4025912276675, 2621.040642681429, -8.306774775237322, -438.48485166028405, -9.006726221293988, -425.8168372636195]",1.0
31,1.0
"[96772277.27968395, -1114.8623753237387, 3756.0484956086407, 6804018642485.189, 1280.0804429852162, -566.4865559604098, 3160.2793953181604, 904.8152002569827, -11638.822272560128, 1.2314519344906358, 1.1811033255639831, -7.469173666863368, -394.81181220571426, -12.910402818893557, -401.5812997206344]",1.0
31,1.0
"[71557662.0688149, -613.4876790105227, 1971.427018846147, 3858492940243.537, 641.6142445437574, -549.5595588316698, 1863.0929442987176, 483.9148016408194, -6502.0987334571055, -1746.585569646596, 1311.1108730035023, -4.180474683291556, -223.33701468239067, -4.172519262961311, -214.76146847036566]",1.0
31,1.0
"[67637038.05445018, -531.7778502480036, 1645.4854801608458, 3429380432983.2305, 660.2501185385432, -518.3282085750989, 1461.5523033329002, 463.69357172795213, -3528.6507445438365, -1512.7677841985262, 782.6204628972304, -4.591263209963907, -312.4831464313413, -4.959638736172797, -172.33167051469576]",1.0
31,1.0
"[50347088.23480615, -890.9759323774632, 2869.442494335543, 162769179357.39154, 543.9032956334856, -478.76981589743696, 250.92436219526388, 700.4990083714864, -5603.397266424721, -2517.5626551370133, 1888.9321343560464, -11.030354726018022, -120.22047473623323, -6.304929432546071, -287.15120663721575]",1.0
31,1.0
"[47949952.01113441, -138.7757660767075, 97.67024303990138, 1285690054046.7363, 529.6092337772365, -482.60259454366053, -136.17583481933627, 284.24929262946995, 7426.192580882795, -1881.1285986738267, -86.96434286492865, -5.08390825749705, -557.8218690873027, -4.223288617755914, 17.002496306678253]",1.0
31,1.0
"[47949952.01113441, -138.7757660767075, 97.67024303990138, 1285690054046.7363, 529.6092337772365, -482.60259454366053, -136.17583481933627, 284.24929262946995, 7426.192580882795, -1881.1285986738267, -86.96434286492865, -5.08390825749705, -557.8218690873027, -4.223288617755914, 17.002496306678253]",1.0
31,1.0
"[47949952.01113441, -138.7757660767075, 97.67024303990138, 1285690054046.7363, 529.6092337772365, -482.60259454366053, -136.17583481933627, 284.24929262946995, 7426.192580882795, -1881.1285986738267, -86.96434286492865, -5.08390825749705, -557.8218690873027, -4.223288617755914, 17.002496306678253]",1.0
31,1.0
"[47949952.01113441, -138.7757660767075, 97.67024303990138, 1285690054046.7363, 529.6092337772365, -482.60259454366053, -136.17583481933627, 284.24929262946995, 7426.192580882795, -1881.1285986738267, -86.96434286492865, -5.08390825749705, -557.8218690873027, -4.223288617755914, 17.002496306678253]",1.0
31,1.0
31,1.0
"[100099072.0208812, -1242.557857166379, 4007.2420427196344, 7554216701129.649, 1280.0804429852162, -975.5309252859258, 3697.5049760037837, 974.9145605878684, -12947.0980835285, -3494.4025912276675, 2621.040642681429, -8.306774775237322, -438.48485166028405, -9.006726221293988, -425.8168372636195]",1.0
31,1.0
"[96772277.27968395, -1114.8623753237387, 3756.0484956086407, 6804018642485.189, 1280.0804429852162, -566.4865559604098, 3160.2793953181604, 904.8152002569827, -11638.822272560128, 1.2314519344906358, 1.1811033255639831, -7.469173666863368, -394.81181220571426, -12.910402818893557, -401.5812997206344]",1.0
31,1.0
"[71557662.0688149, -613.4876790105227, 1971.427018846147, 3858492940243.537, 641.6142445437574, -549.5595588316698, 1863.0929442987176, 483.9148016408194, -6502.0987334571055, -1746.585569646596, 1311.1108730035023, -4.180474683291556, -223.33701468239067, -4.172519262961311, -214.76146847036566]",1.0
31,1.0
"[67637038.05445018, -531.7778502480036, 1645.4854801608458, 3429380432983.2305, 660.2501185385432, -518.3282085750989, 1461.5523033329002, 463.69357172795213, -3528.6507445438365, -1512.7677841985262, 782.6204628972304, -4.591263209963907, -312.4831464313413, -4.959638736172797, -172.33167051469576]",1.0
31,1.0
"[50347088.23480615, -890.9759323774632, 2869.442494335543, 162769179357.39154, 543.9032956334856, -478.76981589743696, 250.92436219526388, 700.4990083714864, -5603.397266424721, -2517.5626551370133, 1888.9321343560464, -11.030354726018022, -120.22047473623323, -6.304929432546071, -287.15120663721575]",1.0
31,1.0
"[47949952.01113441, -138.7757660767075, 97.67024303990138, 1285690054046.7363, 529.6092337772365, -482.60259454366053, -136.17583481933627, 284.24929262946995, 7426.192580882795, -1881.1285986738267, -86.96434286492865, -5.08390825749705, -557.8218690873027, -4.223288617755914, 17.002496306678253]",1.0
31,1.0
"[47949952.01113441, -138.7757660767075, 97.67024303990138, 1285690054046.7363, 529.6092337772365, -482.60259454366053, -136.17583481933627, 284.24929262946995, 7426.192580882795, -1881.1285986738267, -86.96434286492865, -5.08390825749705, -557.8218690873027, -4.223288617755914, 17.002496306678253]",1.0
31,1.0
"[47949952.01113441, -138.7757660767075, 97.67024303990138, 1285690054046.7363, 529.6092337772365, -482.60259454366053, -136.17583481933627, 284.24929262946995, 7426.192580882795, -1881.1285986738267, -86.96434286492865, -5.08390825749705, -557.8218690873027, -4.223288617755914, 17.002496306678253]",1.0
31,1.0
"[47949952.01113441, -138.7757660767075, 97.67024303990138, 1285690054046.7363, 529.6092337772365, -482.60259454366053, -136.17583481933627, 284.24929262946995, 7426.192580882795, -1881.1285986738267, -86.96434286492865, -5.08390825749705, -557.8218690873027, -4.223288617755914, 17.002496306678253]",1.0
31,1.0
31,1.0
"[118089443.03439143, -1575.803491545937, 5313.62041859666, 9469831716866.996, 1675.7385147617085, -828.9449486718854, 4624.431181925859, 1231.2441963930228, -18130.32149421685, -995.7978007619167, 1040.9408227401525, -9.708669056070743, -455.49696738386945, -15.730754765050392, -570.3767793909337]",1.0
31,1.0
"[100099072.0208812, -1242.557857166379, 4007.2420427196344, 7554216701129.649, 1280.0804429852162, -975.5309252859258, 3697.5049760037837, 974.9145605878684, -12947.0980835285, -3494.4025912276675, 2621.040642681429, -8.306774775237322, -438.48485166028405, -9.006726221293988, -425.8168372636195]",1.0
31,1.0
"[96772277.27968395, -1114.8623753237387, 3756.0484956086407, 6804018642485.189, 1280.0804429852162, -566.4865559604098, 3160.2793953181604, 904.8152002569827, -11638.822272560128, 1.2314519344906358, 1.1811033255639831, -7.469173666863368, -394.81181220571426, -12.910402818893557, -401.5812997206344]",1.0
31,1.0
"[74328693.6049642, -725.4071645670315, 2226.6175586050726, 4468248912891.859, 528.2407755387678, -930.5668238408955, 2510.118151959483, 500.3719838939909, -9652.288826178465, -5255.837463563285, 4272.475016649814, -4.026679751287702, -151.79971231999508, 1.2589275898618482, -247.48417168423737]",1.0
31,1.0
"[74024512.0160082, -690.6668116215517, 2052.456142879798, 4419953377588.24, 904.8448383812321, -729.066759914797, 1780.6645705922529, 629.5819266086745, -2760.4527513230096, -2687.7655949507594, 1267.038149908271, -6.695341516367211, -498.15336037379245, -6.6150074195249875, -204.40717047847403]",1.0
31,1.0
"[71557662.0688149, -613.4876790105227, 1971.427018846147, 3858492940243.537, 641.6142445437574, -549.5595588316698, 1863.0929442987176, 483.9148016408194, -6502.0987334571055, -1746.585569646596, 1311.1108730035023, -4.180474683291556, -223.33701468239067, -4.172519262961311, -214.76146847036566]",1.0
31,1.0
"[67637038.05445018, -531.7778502480036, 1645.4854801608458, 3429380432983.2305, 660.2501185385432, -518.3282085750989, 1461.5523033329002, 463.69357172795213, -3528.6507445438365, -1512.7677841985262, 782.6204628972304, -4.591263209963907, -312.4831464313413, -4.959638736172797, -172.33167051469576]",1.0
31,1.0
"[52219987.27454375, -245.45595364692366, 577.4125788573697, 1728040875915.814, 199.5932669001187, -643.1703591229191, 855.8004574240306, 193.71985945693064, -1401.7994889616948, -3911.733827638982, 2713.9401676771877, -2.355712394600052, -170.34862304954572, 2.739341950044227, -63.02972168439297]",1.0
31,1.0
"[50347088.23480615, -890.9759323774632, 2869.442494335543, 162769179357.39154, 543.9032956334856, -478.76981589743696, 250.92436219526388, 700.4990083714864, -5603.397266424721, -2517.5626551370133, 1888.9321343560464, -11.030354726018022, -120.22047473623323, -6.304929432546071, -287.15120663721575]",1.0
31,1.0
32,1.0
"[118089443.03439143, -1575.803491545937, 5313.62041859666, 9469831716866.996, 1675.7385147617085, -828.9449486718854, 4624.431181925859, 1231.2441963930228, -18130.32149421685, -995.7978007619167, 1040.9408227401525, -9.708669056070743, -455.49696738386945, -15.730754765050392, -570.3767793909337]",1.0
32,1.0
"[100099072.0208812, -1242.557857166379, 4007.2420427196344, 7554216701129.649, 1280.0804429852162, -975.5309252859258, 3697.5049760037837, 974.9145605878684, -12947.0980835285, -3494.4025912276675, 2621.040642681429, -8.306774775237322, -438.48485166028405, -9.006726221293988, -425.8168372636195]",1.0
32,1.0
"[96772277.27968395, -1114.8623753237387, 3756.0484956086407, 6804018642485.189, 1280.0804429852162, -566.4865559604098, 3160.2793953181604, 904.8152002569827, -11638.822272560128, 1.2314519344906358, 1.1811033255639831, -7.469173666863368, -394.81181220571426, -12.910402818893557, -401.5812997206344]",1.0
32,1.0
"[74328693.6049642, -725.4071645670315, 2226.6175586050726, 4468248912891.859, 528.2407755387678, -930.5668238408955, 2510.118151959483, 500.3719838939909, -9652.288826178465, -5255.837463563285, 4272.475016649814, -4.026679751287702, -151.79971231999508, 1.2589275898618482, -247.48417168423737]",1.0
32,1.0
"[74024512.0160082, -690.6668116215517, 2052.456142879798, 4419953377588.24, 904.8448383812321, -729.066759914797, 1780.6645705922529, 629.5819266086745, -2760.4527513230096, -2687.7655949507594, 1267.038149908271, -6.695341516367211, -498.15336037379245, -6.6150074195249875, -204.40717047847403]",1.0
32,1.0
"[71557662.0688149, -613.4876790105227, 1971.427018846147, 3858492940243.537, 641.6142445437574, -549.5595588316698, 1863.0929442987176, 483.9148016408194, -6502.0987334571055, -1746.585569646596, 1311.1108730035023, -4.180474683291556, -223.33701468239067, -4.172519262961311, -214.76146847036566]",1.0
32,1.0
"[67637038.05445018, -531.7778502480036, 1645.4854801608458, 3429380432983.2305, 660.2501185385432, -518.3282085750989, 1461.5523033329002, 463.69357172795213, -3528.6507445438365, -1512.7677841985262, 782.6204628972304, -4.591263209963907, -312.4831464313413, -4.959638736172797, -172.33167051469576]",1.0
32,1.0
"[52219987.27454375, -245.45595364692366, 577.4125788573697, 1728040875915.814, 199.5932669001187, -643.1703591229191, 855.8004574240306, 193.71985945693064, -1401.7994889616948, -3911.733827638982, 2713.9401676771877, -2.355712394600052, -170.34862304954572, 2.739341950044227, -63.02972168439297]",1.0
32,1.0
"[50347088.23480615, -890.9759323774632, 2869.442494335543, 162769179357.39154, 543.9032956334856, -478.76981589743696, 250.92436219526388, 700.4990083714864, -5603.397266424721, -2517.5626551370133, 1888.9321343560464, -11.030354726018022, -120.22047473623323, -6.304929432546071, -287.15120663721575]",1.0
32,1.0
32,1.0
"[118089443.03439143, -1575.803491545937, 5313.62041859666, 9469831716866.996, 1675.7385147617085, -828.9449486718854, 4624.431181925859, 1231.2441963930228, -18130.32149421685, -995.7978007619167, 1040.9408227401525, -9.708669056070743, -455.49696738386945, -15.730754765050392, -570.3767793909337]",1.0
32,1.0
"[100099072.0208812, -1242.557857166379, 4007.2420427196344, 7554216701129.649, 1280.0804429852162, -975.5309252859258, 3697.5049760037837, 974.9145605878684, -12947.0980835285, -3494.4025912276675, 2621.040642681429, -8.306774775237322, -438.48485166028405, -9.006726221293988, -425.8168372636195]",1.0
32,1.0
"[96772277.27968395, -1114.8623753237387, 3756.0484956086407, 6804018642485.189, 1280.0804429852162, -566.4865559604098, 3160.2793953181604, 904.8152002569827, -11638.822272560128, 1.2314519344906358, 1.1811033255639831, -7.469173666863368, -394.81181220571426, -12.910402818893557, -401.5812997206344]",1.0
32,1.0
"[89451617.64367382, -475.123352440562, 3173.9397468526286, 2302002756216.05, 1409.1363957998433, -489.7167173048922, 1028.9884484906117, 1343.9554587810999, -15064.498629623193, -875.866984205926, 5127.022145118506, -3.1077651618108106, -192.58291004277868, -5.341704184432727, -361.50247864207677]",1.0
32,1.0
"[74328693.6049642, -725.4071645670315, 2226.6175586050726, 4468248912891.859, 528.2407755387678, -930.5668238408955, 2510.118151959483, 500.3719838939909, -9652.288826178465, -5255.837463563285, 4272.475016649814, -4.026679751287702, -151.79971231999508, 1.2589275898618482, -247.48417168423737]",1.0
32,1.0
"[74328693.6049642, -725.4071645670315, 2226.6175586050726, 4468248912891.859, 528.2407755387678, -930.5668238408955, 2510.118151959483, 500.3719838939909, -9652.288826178465, -5255.837463563285, 4272.475016649814, -4.026679751287702, -151.79971231999508, 1.2589275898618482, -247.48417168423737]",1.0
32,1.0
"[74024512.0160082, -690.6668116215517, 2052.456142879798, 4419953377588.24, 904.8448383812321, -729.066759914797, 1780.6645705922529, 629.5819266086745, -2760.4527513230096, -2687.7655949507594, 1267.038149908271, -6.695341516367211, -498.15336037379245, -6.6150074195249875, -204.40717047847403]",1.0
32,1.0
"[74024512.0160082, -690.6668116215517, 2052.456142879798, 4419953377588.24, 904.8448383812321, -729.066759914797, 1780.6645705922529, 629.5819266086745, -2760.4527513230096, -2687.7655949507594, 1267.038149908271, -6.695341516367211, -498.15336037379245, -6.6150074195249875, -204.40717047847403]",1.0
32,1.0
"[71557662.0688149, -613.4876790105227, 1971.427018846147, 3858492940243.537, 641.6142445437574, -549.5595588316698, 1863.0929442987176, 483.9148016408194, -6502.0987334571055, -1746.585569646596, 1311.1108730035023, -4.180474683291556, -223.33701468239067, -4.172519262961311, -214.76146847036566]",1.0
32,1.0
32,1.0
"[118089443.03439143, -1575.803491545937, 5313.62041859666, 9469831716866.996, 1675.7385147617085, -828.9449486718854, 4624.431181925859, 1231.2441963930228, -18130.32149421685, -995.7978007619167, 1040.9408227401525, -9.708669056070743, -455.49696738386945, -15.730754765050392, -570.3767793909337]",1.0
32,1.0
"[100099072.0208812, -1242.557857166379, 4007.2420427196344, 7554216701129.649, 1280.0804429852162, -975.5309252859258, 3697.5049760037837, 974.9145605878684, -12947.0980835285, -3494.4025912276675, 2621.040642681429, -8.306774775237322, -438.48485166028405, -9.006726221293988, -425.8168372636195]",1.0
32,1.0
"[98778845.16026604, -1167.9116670917067, 3929.738959048746, 7085321953729.178, 1245.6642158502264, -657.024434247684, 3447.552433433516, 913.9351302109637, -13455.773340740305, -821.8582082972655, 828.6312814079372, -7.25278686329875, -343.1572082598176, -11.429955631203068, -424.35150741654377]",1.0
32,1.0
"[96772277.27968395, -1114.8623753237387, 3756.0484956086407, 6804018642485.189, 1280.0804429852162, -566.4865559604098, 3160.2793953181604, 904.8152002569827, -11638.822272560128, 1.2314519344906358, 1.1811033255639831, -7.469173666863368, -394.81181220571426, -12.910402818893557, -401.5812997206344]",1.0
32,1.0
"[89451617.64367382, -475.123352440562, 3173.9397468526286, 2302002756216.05, 1409.1363957998433, -489.7167173048922, 1028.9884484906117, 1343.9554587810999, -15064.498629623193, -875.866984205926, 5127.022145118506, -3.1077651618108106, -192.58291004277868, -5.341704184432727, -361.50247864207677]",1.0
32,1.0
"[86974990.13142604, -930.5557106248044, 2992.8605711456435, 5798920510630.808, 1189.6617104669685, -623.5459521036812, 2447.9180438745093, 814.1023757052919, -6491.62768357048, -889.1297228108847, 129.5936734737361, -7.704503650401503, -510.39963546227165, -11.455340308600382, -308.46952502802424]",1.0
32,1.0
"[76180091.34019409, -730.5958046814688, 2208.9844442966682, 4649479501197.503, 952.2519962618662, -711.5030476285117, 1891.7274810253512, 660.2949598586697, -3381.4988213749048, -2388.386509239014, 1077.712954810436, -6.863314390533597, -500.191726613537, -7.420670454115678, -221.72812634542845]",1.0
32,1.0
"[74328693.6049642, -725.4071645670315, 2226.6175586050726, 4468248912891.859, 528.2407755387678, -930.5668238408955, 2510.118151959483, 500.3719838939909, -9652.288826178465, -5255.837463563285, 4272.475016649814, -4.026679751287702, -151.79971231999508, 1.2589275898618482, -247.48417168423737]",1.0
32,1.0
"[74328693.6049642, -725.4071645670315, 2226.6175586050726, 4468248912891.859, 528.2407755387678, -930.5668238408955, 2510.118151959483, 500.3719838939909, -9652.288826178465, -5255.837463563285, 4272.475016649814, -4.026679751287702, -151.79971231999508, 1.2589275898618482, -247.48417168423737]",1.0
32,1.0
33,1.0
"[118089443.03439143, -1575.803491545937, 5313.62041859666, 9469831716866.996, 1675.7385147617085, -828.9449486718854, 4624.431181925859, 1231.2441963930228, -18130.32149421685, -995.7978007619167, 1040.9408227401525, -9.708669056070743, -455.49696738386945, -15.730754765050392, -570.3767793909337]",1.0
33,1.0
"[100099072.0208812, -1242.557857166379, 4007.2420427196344, 7554216701129.649, 1280.0804429852162, -975.5309252859258, 3697.5049760037837, 974.9145605878684, -12947.0980835285, -3494.4025912276675, 2621.040642681429, -8.306774775237322, -438.48485166028405, -9.006726221293988, -425.8168372636195]",1.0
33,1.0
"[98778845.16026604, -1167.9116670917067, 3929.738959048746, 7085321953729.178, 1245.6642158502264, -657.024434247684, 3447.552433433516, 913.9351302109637, -13455.773340740305, -821.8582082972655, 828.6312814079372, -7.25278686329875, -343.1572082598176, -11.429955631203068, -424.35150741654377]",1.0
33,1.0
"[96772277.27968395, -1114.8623753237387, 3756.0484956086407, 6804018642485.189, 1280.0804429852162, -566.4865559604098, 3160.2793953181604, 904.8152002569827, -11638.822272560128, 1.2314519344906358, 1.1811033255639831, -7.469173666863368, -394.81181220571426, -12.910402818893557, -401.5812997206344]",1.0
33,1.0
"[89451617.64367382, -475.123352440562, 3173.9397468526286, 2302002756216.05, 1409.1363957998433, -489.7167173048922, 1028.9884484906117, 1343.9554587810999, -15064.498629623193, -875.866984205926, 5127.022145118506, -3.1077651618108106, -192.58291004277868, -5.341704184432727, -361.50247864207677]",1.0
33,1.0
"[86974990.13142604, -930.5557106248044, 2992.8605711456435, 5798920510630.808, 1189.6617104669685, -623.5459521036812, 2447.9180438745093, 814.1023757052919, -6491.62768357048, -889.1297228108847, 129.5936734737361, -7.704503650401503, -510.39963546227165, -11.455340308600382, -308.46952502802424]",1.0
33,1.0
"[76180091.34019409, -730.5958046814688, 2208.9844442966682, 4649479501197.503, 952.2519962618662, -711.5030476285117, 1891.7274810253512, 660.2949598586697, -3381.4988213749048, -2388.386509239014, 1077.712954810436, -6.863314390533597, -500.191726613537, -7.420670454115678, -221.72812634542845]",1.0
33,1.0
"[74328693.6049642, -725.4071645670315, 2226.6175586050726, 4468248912891.859, 528.2407755387678, -930.5668238408955, 2510.118151959483, 500.3719838939909, -9652.288826178465, -5255.837463563285, 4272.475016649814, -4.026679751287702, -151.79971231999508, 1.2589275898618482, -247.48417168423737]",1.0
33,1.0
"[74328693.6049642, -725.4071645670315, 2226.6175586050726, 4468248912891.859, 528.2407755387678, -930.5668238408955, 2510.118151959483, 500.3719838939909, -9652.288826178465, -5255.837463563285, 4272.475016649814, -4.026679751287702, -151.79971231999508, 1.2589275898618482, -247.48417168423737]",1.0
33,1.0
33,1.0
"[126000028.25171664, -1722.33565517288, 5888.050899251308, 10312150967214.758, 1849.714187156684, -764.4893096636962, 5032.011922568284, 1343.9554587810999, -20409.44794802337, 102.8691530520473, 346.15168981238116, -10.325099043305887, -462.9774018372422, -18.687391999444685, -633.941546362718]",1.0
33,1.0
"[119427991.97728147, -1427.262836748806, 4746.8828986222525, 3637210277155.1978, 1326.6379750034384, -673.1943127276973, 4629.889636373144, 929.7256836244663, -5118.54700923016, -2723.476589049207, 5307.106631710359, -5.819701591791093, -507.591085145798, -11.761712719792548, -405.7300482858242]",1.0
33,1.0
"[118089443.03439143, -1575.803491545937, 5313.62041859666, 9469831716866.996, 1675.7385147617085, -828.9449486718854, 4624.431181925859, 1231.2441963930228, -18130.32149421685, -995.7978007619167, 1040.9408227401525, -9.708669056070743, -455.49696738386945, -15.730754765050392, -570.3767793909337]",1.0
33,1.0
"[100099072.0208812, -1242.557857166379, 4007.2420427196344, 7554216701129.649, 1280.0804429852162, -975.5309252859258, 3697.5049760037837, 974.9145605878684, -12947.0980835285, -3494.4025912276675, 2621.040642681429, -8.306774775237322, -438.48485166028405, -9.006726221293988, -425.8168372636195]",1.0
33,1.0
"[98778845.16026604, -1167.9116670917067, 3929.738959048746, 7085321953729.178, 1245.6642158502264, -657.024434247684, 3447.552433433516, 913.9351302109637, -13455.773340740305, -821.8582082972655, 828.6312814079372, -7.25278686329875, -343.1572082598176, -11.429955631203068, -424.35150741654377]",1.0
33,1.0
"[96772277.27968395, -1114.8623753237387, 3756.0484956086407, 6804018642485.189, 1280.0804429852162, -566.4865559604098, 3160.2793953181604, 904.8152002569827, -11638.822272560128, 1.2314519344906358, 1.1811033255639831, -7.469173666863368, -394.81181220571426, -12.910402818893557, -401.5812997206344]",1.0
33,1.0
"[93054922.40113403, -875.9684161657673, 3586.43055760718, 6527107264186.861, 2364.5533786119104, -764.4893096636962, 2742.5963613142285, 581.8615192058763, -12947.0980835285, -1680.7664247128482, 4521.886585586806, -12.211517633286853, -663.4643681781386, -21.841734330753503, -552.0541581738721]",1.0
33,1.0
"[89451617.64367382, -475.123352440562, 3173.9397468526286, 2302002756216.05, 1409.1363957998433, -489.7167173048922, 1028.9884484906117, 1343.9554587810999, -15064.498629623193, -875.866984205926, 5127.022145118506, -3.1077651618108106, -192.58291004277868, -5.341704184432727, -361.50247864207677]",1.0
33,1.0
"[86974990.13142604, -930.5557106248044, 2992.8605711456435, 5798920510630.808, 1189.6617104669685, -623.5459521036812, 2447.9180438745093, 814.1023757052919, -6491.62768357048, -889.1297228108847, 129.5936734737361, -7.704503650401503, -510.39963546227165, -11.455340308600382, -308.46952502802424]",1.0
33,1.0
33,1.0
"[126000028.25171664, -1722.33565517288, 5888.050899251308, 10312150967214.758, 1849.714187156684, -764.4893096636962, 5032.011922568284, 1343.9554587810999, -20409.44794802337, 102.8691530520473, 346.15168981238116, -10.325099043305887, -462.9774018372422, -18.687391999444685, -633.941546362718]",1.0
33,1.0
"[125205163.1470062, -1790.8289112345772, 6107.082409143334, 10330843926546.414, 1829.5468348070378, -813.3365445426821, 5322.000666081374, 1435.992910339391, -20649.25989578506, 893.0626528032617, 17.475589719739446, -10.656651233585396, -427.8763335840666, -20.066197253226008, -682.9622970235653]",1.0
33,1.0
"[119427991.97728147, -1427.262836748806, 4746.8828986222525, 3637210277155.1978, 1326.6379750034384, -673.1943127276973, 4629.889636373144, 929.7256836244663, -5118.54700923016, -2723.476589049207, 5307.106631710359, -5.819701591791093, -507.591085145798, -11.761712719792548, -405.7300482858242]",1.0
33,1.0
"[118089443.03439143, -1575.803491545937, 5313.62041859666, 9469831716866.996, 1675.7385147617085, -828.9449486718854, 4624.431181925859, 1231.2441963930228, -18130.32149421685, -995.7978007619167, 1040.9408227401525, -9.708669056070743, -455.49696738386945, -15.730754765050392, -570.3767793909337]",1.0
33,1.0
"[118089443.03439143, -1575.803491545937, 5313.62041859666, 9469831716866.996, 1675.7385147617085, -828.9449486718854, 4624.431181925859, 1231.2441963930228, -18130.32149421685, -995.7978007619167, 1040.9408227401525, -9.708669056070743, -455.49696738386945, -15.730754765050392, -570.3767793909337]",1.0
33,1.0
"[113049550.13629903, -1482.4467561696315, 4947.646470985479, 8933183834172.215, 1564.8973150709526, -870.0101174748102, 4364.75844928604, 1159.4350096844857, -16678.27301577597, -1695.7667190877949, 1483.5961662468953, -9.315936909271613, -450.73112674876324, -13.847059110369377, -529.8791918131697]",1.0
33,1.0
"[109763531.99908125, -1334.9103469575919, 4377.0624706709405, 5595713489142.44, 1303.3592089943272, -824.3626190068128, 4163.69730618846, 952.3201221061676, -9032.822546379364, -3108.9395901384405, 3964.0736371958824, -7.063238183514218, -473.03796840304074, -10.384219470543258, -415.77344277472196]",1.0
33,1.0
"[100099072.0208812, -1242.557857166379, 4007.2420427196344, 7554216701129.649, 1280.0804429852162, -975.5309252859258, 3697.5049760037837, 974.9145605878684, -12947.0980835285, -3494.4025912276675, 2621.040642681429, -8.306774775237322, -438.48485166028405, -9.006726221293988, -425.8168372636195]",1.0
33,1.0
"[100017158.91638994, -940.1954879995835, 4020.278546902239, 5336863076521.784, 1355.4015585166646, -590.1098168482889, 2738.087635741561, 1178.8616717488699, -17742.208813766698, -815.2268389947861, 3327.345517230343, -4.954417619003385, -184.24884555006977, -8.373137569119216, -450.86798422357026]",1.0
33,1.0
34,1.0
"[126000028.25171664, -1722.33565517288, 5888.050899251308, 10312150967214.758, 1849.714187156684, -764.4893096636962, 5032.011922568284, 1343.9554587810999, -20409.44794802337, 102.8691530520473, 346.15168981238116, -10.325099043305887, -462.9774018372422, -18.687391999444685, -633.941546362718]",1.0
34,1.0
"[125205163.1470062, -1790.8289112345772, 6107.082409143334, 10330843926546.414, 1829.5468348070378, -813.3365445426821, 5322.000666081374, 1435.992910339391, -20649.25989578506, 893.0626528032617, 17.475589719739446, -10.656651233585396, -427.8763335840666, -20.066197253226008, -682.9622970235653]",1.0
34,1.0
"[119427991.97728147, -1427.262836748806, 4746.8828986222525, 3637210277155.1978, 1326.6379750034384, -673.1943127276973, 4629.889636373144, 929.7256836244663, -5118.54700923016, -2723.476589049207, 5307.106631710359, -5.819701591791093, -507.591085145798, -11.761712719792548, -405.7300482858242]",1.0
34,1.0
"[118089443.03439143, -1575.803491545937, 5313.62041859666, 9469831716866.996, 1675.7385147617085, -828.9449486718854, 4624.431181925859, 1231.2441963930228, -18130.32149421685, -995.7978007619167, 1040.9408227401525, -9.708669056070743, -455.49696738386945, -15.730754765050392, -570.3767793909337]",1.0
34,1.0
"[118089443.03439143, -1575.803491545937, 5313.62041859666, 9469831716866.996, 1675.7385147617085, -828.9449486718854, 4624.431181925859, 1231.2441963930228, -18130.32149421685, -995.7978007619167, 1040.9408227401525, -9.708669056070743, -455.49696738386945, -15.730754765050392, -570.3767793909337]",1.0
34,1.0
"[113049550.13629903, -1482.4467561696315, 4947.646470985479, 8933183834172.215, 1564.8973150709526, -870.0101174748102, 4364.75844928604, 1159.4350096844857, -16678.27301577597, -1695.7667190877949, 1483.5961662468953, -9.315936909271613, -450.73112674876324, -13.847059110369377, -529.8791918131697]",1.0
34,1.0
"[109763531.99908125, -1334.9103469575919, 4377.0624706709405, 5595713489142.44, 1303.3592089943272, -824.3626190068128, 4163.69730618846, 952.3201221061676, -9032.822546379364, -3108.9395901384405, 3964.0736371958824, -7.063238183514218, -473.03796840304074, -10.384219470543258, -415.77344277472196]",1.0
34,1.0
"[100099072.0208812, -1242.557857166379, 4007.2420427196344, 7554216701129.649, 1280.0804429852162, -975.5309252859258, 3697.5049760037837, 974.9145605878684, -12947.0980835285, -3494.4025912276675, 2621.040642681429, -8.306774775237322, -438.48485166028405, -9.006726221293988, -425.8168372636195]",1.0
34,1.0
"[100017158.91638994, -940.1954879995835, 4020.278546902239, 5336863076521.784, 1355.4015585166646, -590.1098168482889, 2738.087635741561, 1178.8616717488699, -17742.208813766698, -815.2268389947861, 3327.345517230343, -4.954417619003385, -184.24884555006977, -8.373137569119216, -450.86798422357026]",1.0
34,1.0
34,1.0
"[137004458.46445158, -1281.3382458177894, 5174.861688931228, 5646179452547.534, 1656.134535433419, -947.1651131110881, 4364.75844928604, 898.9269547577446, -8617.090735631566, -4794.98075583915, 7345.239898514628, -8.482455501483694, -508.54300230331046, -2.71317023401053, -216.78087681381814]",1.0
34,1.0
"[130417592.3479748, -1341.675657619971, 4670.75537537659, 10208262463987.006, 1961.7968174400185, -493.0145780090648, 3420.3625319095845, 832.4455948990783, -19076.66249297224, -4288.731903417993, 2172.810993967306, -8.482455501483694, -658.0560610168052, -11.024506122657652, -361.50247864207677]",1.0
34,1.0
"[130417592.3479748, -1562.0357510163606, 5185.031122134503, 9469831716866.996, 1945.4014605003958, -655.7939822159912, 5346.027642189782, 812.7725044091994, -29277.694768199763, -2283.1610831807684, 1040.9408227401525, -8.018706979301388, -312.6758568790955, -17.491019792225774, -442.95435854892156]",1.0
34,1.0
"[130160745.31211555, -1551.855219924047, 6292.557047465566, 12100688096711.352, 2034.3645995293089, -828.9449486718854, 3213.519973341021, 1493.1121695387033, -22126.244338531236, 1469.0745092068114, 703.8302360248481, -13.62174880692493, -165.42384991638554, -12.701445061572466, -647.1100612269753]",1.0
34,1.0
"[126000028.25171664, -1722.33565517288, 5888.050899251308, 10312150967214.758, 1849.714187156684, -764.4893096636962, 5032.011922568284, 1343.9554587810999, -20409.44794802337, 102.8691530520473, 346.15168981238116, -10.325099043305887, -462.9774018372422, -18.687391999444685, -633.941546362718]",1.0
34,1.0
"[125205163.1470062, -1790.8289112345772, 6107.082409143334, 10330843926546.414, 1829.5468348070378, -813.3365445426821, 5322.000666081374, 1435.992910339391, -20649.25989578506, 893.0626528032617, 17.475589719739446, -10.656651233585396, -427.8763335840666, -20.066197253226008, -682.9622970235653]",1.0
34,1.0
"[119427991.97728147, -1427.262836748806, 4746.8828986222525, 3637210277155.1978, 1326.6379750034384, -673.1943127276973, 4629.889636373144, 929.7256836244663, -5118.54700923016, -2723.476589049207, 5307.106631710359, -5.819701591791093, -507.591085145798, -11.761712719792548, -405.7300482858242]",1.0
34,1.0
"[118631187.73996183, -1675.6536979215057, 5977.468986165266, 14880186648231.87, 1683.4713962068483, -731.19720673878, 2540.4442047464886, 929.7256836244663, -19038.68878780714, -246.9952657321578, 622.3478541539837, -9.738319392249545, -627.6493585648097, -9.006726221293988, -682.9622970235653]",1.0
34,1.0
"[118089443.03439143, -1575.803491545937, 5313.62041859666, 9469831716866.996, 1675.7385147617085, -828.9449486718854, 4624.431181925859, 1231.2441963930228, -18130.32149421685, -995.7978007619167, 1040.9408227401525, -9.708669056070743, -455.49696738386945, -15.730754765050392, -570.3767793909337]",1.0
34,1.0
34,1.0
"[137004458.46445158, -1281.3382458177894, 5174.861688931228, 5646179452547.534, 1656.134535433419, -947.1651131110881, 4364.75844928604, 898.9269547577446, -8617.090735631566, -4794.98075583915, 7345.239898514628, -8.482455501483694, -508.54300230331046, -2.71317023401053, -216.78087681381814]",1.0
34,1.0
"[130417592.3479748, -1341.675657619971, 4670.75537537659, 10208262463987.006, 1961.7968174400185, -493.0145780090648, 3420.3625319095845, 832.4455948990783, -19076.66249297224, -4288.731903417993, 2172.810993967306, -8.482455501483694, -658.0560610168052, -11.024506122657652, -361.50247864207677]",1.0
34,1.0
"[130417592.3479748, -1562.0357510163606, 5185.031122134503, 9469831716866.996, 1945.4014605003958, -655.7939822159912, 5346.027642189782, 812.7725044091994, -29277.694768199763, -2283.1610831807684, 1040.9408227401525, -8.018706979301388, -312.6758568790955, -17.491019792225774, -442.95435854892156]",1.0
34,1.0
"[130160745.31211555, -1551.855219924047, 6292.557047465566, 12100688096711.352, 2034.3645995293089, -828.9449486718854, 3213.519973341021, 1493.1121695387033, -22126.244338531236, 1469.0745092068114, 703.8302360248481, -13.62174880692493, -165.42384991638554, -12.701445061572466, -647.1100612269753]",1.0
34,1.0
"[126000028.25171664, -1722.33565517288, 5888.050899251308, 10312150967214.758, 1849.714187156684, -764.4893096636962, 5032.011922568284, 1343.9554587810999, -20409.44794802337, 102.8691530520473, 346.15168981238116, -10.325099043305887, -462.9774018372422, -18.687391999444685, -633.941546362718]",1.0
34,1.0
"[125205163.1470062, -1790.8289112345772, 6107.082409143334, 10330843926546.414, 1829.5468348070378, -813.3365445426821, 5322.000666081374, 1435.992910339391, -20649.25989578506, 893.0626528032617, 17.475589719739446, -10.656651233585396, -427.8763335840666, -20.066197253226008, -682.9622970235653]",1.0
34,1.0
"[119427991.97728147, -1427.262836748806, 4746.8828986222525, 3637210277155.1978, 1326.6379750034384, -673.1943127276973, 4629.889636373144, 929.7256836244663, -5118.54700923016, -2723.476589049207, 5307.106631710359, -5.819701591791093, -507.591085145798, -11.761712719792548, -405.7300482858242]",1.0
34,1.0
"[118631187.73996183, -1675.6536979215057, 5977.468986165266, 14880186648231.87, 1683.4713962068483, -731.19720673878, 2540.4442047464886, 929.7256836244663, -19038.68878780714, -246.9952657321578, 622.3478541539837, -9.738319392249545, -627.6493585648097, -9.006726221293988, -682.9622970235653]",1.0
34,1.0
"[118089443.03439143, -1575.803491545937, 5313.62041859666, 9469831716866.996, 1675.7385147617085, -828.9449486718854, 4624.431181925859, 1231.2441963930228, -18130.32149421685, -995.7978007619167, 1040.9408227401525, -9.708669056070743, -455.49696738386945, -15.730754765050392, -570.3767793909337]",1.0
34,1.0
35,1.0
"[137004458.46445158, -1281.3382458177894, 5174.861688931228, 5646179452547.534, 1656.134535433419, -947.1651131110881, 4364.75844928604, 898.9269547577446, -8617.090735631566, -4794.98075583915, 7345.239898514628, -8.482455501483694, -508.54300230331046, -2.71317023401053, -216.78087681381814]",1.0
35,1.0
"[130417592.3479748, -1341.675657619971, 4670.75537537659, 10208262463987.006, 1961.7968174400185, -493.0145780090648, 3420.3625319095845, 832.4455948990783, -19076.66249297224, -4288.731903417993, 2172.810993967306, -8.482455501483694, -658.0560610168052, -11.024506122657652, -361.50247864207677]",1.0
35,1.0
"[130417592.3479748, -1562.0357510163606, 5185.031122134503, 9469831716866.996, 1945.4014605003958, -655.7939822159912, 5346.027642189782, 812.7725044091994, -29277.694768199763, -2283.1610831807684, 1040.9408227401525, -8.018706979301388, -312.6758568790955, -17.491019792225774, -442.95435854892156]",1.0
35,1.0
"[130160745.31211555, -1551.855219924047, 6292.557047465566, 12100688096711.352, 2034.3645995293089, -828.9449486718854, 3213.519973341021, 1493.1121695387033, -22126.244338531236, 1469.0745092068114, 703.8302360248481, -13.62174880692493, -165.42384991638554, -12.701445061572466, -647.1100612269753]",1.0
35,1.0
"[126000028.25171664, -1722.33565517288, 5888.050899251308, 10312150967214.758, 1849.714187156684, -764.4893096636962, 5032.011922568284, 1343.9554587810999, -20409.44794802337, 102.8691530520473, 346.15168981238116, -10.325099043305887, -462.9774018372422, -18.687391999444685, -633.941546362718]",1.0
35,1.0
"[125205163.1470062, -1790.8289112345772, 6107.082409143334, 10330843926546.414, 1829.5468348070378, -813.3365445426821, 5322.000666081374, 1435.992910339391, -20649.25989578506, 893.0626528032617, 17.475589719739446, -10.656651233585396, -427.8763335840666, -20.066197253226008, -682.9622970235653]",1.0
35,1.0
"[119427991.97728147, -1427.262836748806, 4746.8828986222525, 3637210277155.1978, 1326.6379750034384, -673.1943127276973, 4629.889636373144, 929.7256836244663, -5118.54700923016, -2723.476589049207, 5307.106631710359, -5.819701591791093, -507.591085145798, -11.761712719792548, -405.7300482858242]",1.0
35,1.0
"[118631187.73996183, -1675.6536979215057, 5977.468986165266, 14880186648231.87, 1683.4713962068483, -731.19720673878, 2540.4442047464886, 929.7256836244663, -19038.68878780714, -246.9952657321578, 622.3478541539837, -9.738319392249545, -627.6493585648097, -9.006726221293988, -682.9622970235653]",1.0
35,1.0
"[118089443.03439143, -1575.803491545937, 5313.62041859666, 9469831716866.996, 1675.7385147617085, -828.9449486718854, 4624.431181925859, 1231.2441963930228, -18130.32149421685, -995.7978007619167, 1040.9408227401525, -9.708669056070743, -455.49696738386945, -15.730754765050392, -570.3767793909337]",1.0
35,1.0
35,1.0
"[142679029.15034488, -1343.796561471584, 3628.772277764561, 9634175123164.365, 1460.0684043998913, -824.3626190068128, 4352.1007297687565, 1471.6945095443511, -20649.25989578506, 2070.5716803531377, 491.01296357210555, -11.722741846573602, -467.09166888628437, -18.435877309067514, -776.3009805482632]",1.0
35,1.0
"[137004458.46445158, -1281.3382458177894, 5174.861688931228, 5646179452547.534, 1656.134535433419, -947.1651131110881, 4364.75844928604, 898.9269547577446, -8617.090735631566, -4794.98075583915, 7345.239898514628, -8.482455501483694, -508.54300230331046, -2.71317023401053, -216.78087681381814]",1.0
35,1.0
"[136855280.12588608, -1665.8184537766467, 3261.659444227728, 12204951409169.584, 2185.4181032377555, -404.9890175454394, 5865.050487669097, 771.3733257960084, -24385.438083364992, -6562.225798337997, 1403.755661813072, -10.325099043305887, -377.01037589587304, -21.921468486225464, -676.4752437106597]",1.0
35,1.0
"[134548453.88074267, -1628.3734624320841, 7157.2511252748245, 9624413768660.83, 2048.6078347501693, -669.0970689258552, 4188.123549669878, 1688.0028858417238, -27061.481915824304, -3310.683883915677, 415.3672500222128, -9.738319392249545, -462.9774018372422, -18.435877309067514, -621.5117107068644]",1.0
35,1.0
"[130417592.3479748, -1341.675657619971, 4670.75537537659, 10208262463987.006, 1961.7968174400185, -493.0145780090648, 3420.3625319095845, 832.4455948990783, -19076.66249297224, -4288.731903417993, 2172.810993967306, -8.482455501483694, -658.0560610168052, -11.024506122657652, -361.50247864207677]",1.0
35,1.0
"[130417592.3479748, -1562.0357510163606, 5185.031122134503, 9469831716866.996, 1945.4014605003958, -655.7939822159912, 5346.027642189782, 812.7725044091994, -29277.694768199763, -2283.1610831807684, 1040.9408227401525, -8.018706979301388, -312.6758568790955, -17.491019792225774, -442.95435854892156]",1.0
35,1.0
"[130160745.31211555, -1551.855219924047, 6292.557047465566, 12100688096711.352, 2034.3645995293089, -828.9449486718854, 3213.519973341021, 1493.1121695387033, -22126.244338531236, 1469.0745092068114, 703.8302360248481, -13.62174880692493, -165.42384991638554, -12.701445061572466, -647.1100612269753]",1.0
35,1.0
"[126000028.25171664, -1722.33565517288, 5888.050899251308, 10312150967214.758, 1849.714187156684, -764.4893096636962, 5032.011922568284, 1343.9554587810999, -20409.44794802337, 102.8691530520473, 346.15168981238116, -10.325099043305887, -462.9774018372422, -18.687391999444685, -633.941546362718]",1.0
35,1.0
"[125205163.1470062, -1790.8289112345772, 6107.082409143334, 10330843926546.414, 1829.5468348070378, -813.3365445426821, 5322.000666081374, 1435.992910339391, -20649.25989578506, 893.0626528032617, 17.475589719739446, -10.656651233585396, -427.8763335840666, -20.066197253226008, -682.9622970235653]",1.0
35,1.0
35,1.0
"[145972462.20858335, -1313.6278555704923, 3880.8254345418873, 7353133617444.5625, 1307.237263396587, -1051.4378865578312, 4824.298688456998, 1504.9351894736853, -15419.47401711457, 1817.4472541425514, 3077.227415845843, -11.722741846573602, -392.3351395295348, -14.28020936474383, -703.9401796341317]",1.0
35,1.0
"[145087368.6366075, -1423.672329787103, 3013.174611997506, 11383020192210.87, 2043.4490556193064, -539.260621142311, 5439.181690377585, 893.8421076306364, -14556.891119443513, -5676.322990897091, 2881.234500427454, -9.75742286842713, -469.48276346751084, -17.6424825558857, -740.7667062093543]",1.0
35,1.0
"[142679029.15034488, -1343.796561471584, 3628.772277764561, 9634175123164.365, 1460.0684043998913, -824.3626190068128, 4352.1007297687565, 1471.6945095443511, -20649.25989578506, 2070.5716803531377, 491.01296357210555, -11.722741846573602, -467.09166888628437, -18.435877309067514, -776.3009805482632]",1.0
35,1.0
"[138649680.85869622, -1099.529533630427, 4422.270543146367, 9386331247028.291, 1819.8277698215693, -627.2861816059365, 2994.493734618073, 954.9143767337063, -9248.11552905076, -3402.8290959770866, 3650.2898325816877, -7.914779326604936, -750.528448588443, -6.745520192317889, -425.7939411407714]",1.0
35,1.0
"[137004458.46445158, -1281.3382458177894, 5174.861688931228, 5646179452547.534, 1656.134535433419, -947.1651131110881, 4364.75844928604, 898.9269547577446, -8617.090735631566, -4794.98075583915, 7345.239898514628, -8.482455501483694, -508.54300230331046, -2.71317023401053, -216.78087681381814]",1.0
35,1.0
"[136855280.12588608, -1665.8184537766467, 3261.659444227728, 12204951409169.584, 2185.4181032377555, -404.9890175454394, 5865.050487669097, 771.3733257960084, -24385.438083364992, -6562.225798337997, 1403.755661813072, -10.325099043305887, -377.01037589587304, -21.921468486225464, -676.4752437106597]",1.0
35,1.0
"[134548453.88074267, -1628.3734624320841, 7157.2511252748245, 9624413768660.83, 2048.6078347501693, -669.0970689258552, 4188.123549669878, 1688.0028858417238, -27061.481915824304, -3310.683883915677, 415.3672500222128, -9.738319392249545, -462.9774018372422, -18.435877309067514, -621.5117107068644]",1.0
35,1.0
"[131991213.8426859, -1575.3757211874777, 4461.660682208034, 7835670515657.584, 1918.1119044205516, -687.491027178937, 5050.138669317216, 755.7585836165206, -15999.509357135586, -7820.415920858733, 6049.168479436712, -10.203327708364734, -448.2378742400624, -9.207380511350204, -269.24985689599606]",1.0
35,1.0
"[130671673.61858502, -1641.1079307716311, 6413.135257317068, 9958935888271.955, 1959.244687128253, -692.3695718552806, 4465.073364362519, 1469.96044653227, -23615.55895804309, -1999.004115307484, 545.0975199636237, -9.865933122637948, -480.52793596383054, -17.872232027365413, -603.2162532043667]",1.0
35,1.0
36,1.0
"[145972462.20858335, -1313.6278555704923, 3880.8254345418873, 7353133617444.5625, 1307.237263396587, -1051.4378865578312, 4824.298688456998, 1504.9351894736853, -15419.47401711457, 1817.4472541425514, 3077.227415845843, -11.722741846573602, -392.3351395295348, -14.28020936474383, -703.9401796341317]",1.0
36,1.0
"[145087368.6366075, -1423.672329787103, 3013.174611997506, 11383020192210.87, 2043.4490556193064, -539.260621142311, 5439.181690377585, 893.8421076306364, -14556.891119443513, -5676.322990897091, 2881.234500427454, -9.75742286842713, -469.48276346751084, -17.6424825558857, -740.7667062093543]",1.0
36,1.0
"[142679029.15034488, -1343.796561471584, 3628.772277764561, 9634175123164.365, 1460.0684043998913, -824.3626190068128, 4352.1007297687565, 1471.6945095443511, -20649.25989578506, 2070.5716803531377, 491.01296357210555, -11.722741846573602, -467.09166888628437, -18.435877309067514, -776.3009805482632]",1.0
36,1.0
"[138649680.85869622, -1099.529533630427, 4422.270543146367, 9386331247028.291, 1819.8277698215693, -627.2861816059365, 2994.493734618073, 954.9143767337063, -9248.11552905076, -3402.8290959770866, 3650.2898325816877, -7.914779326604936, -750.528448588443, -6.745520192317889, -425.7939411407714]",1.0
36,1.0
"[137004458.46445158, -1281.3382458177894, 5174.861688931228, 5646179452547.534, 1656.134535433419, -947.1651131110881, 4364.75844928604, 898.9269547577446, -8617.090735631566, -4794.98075583915, 7345.239898514628, -8.482455501483694, -508.54300230331046, -2.71317023401053, -216.78087681381814]",1.0
36,1.0
"[136855280.12588608, -1665.8184537766467, 3261.659444227728, 12204951409169.584, 2185.4181032377555, -404.9890175454394, 5865.050487669097, 771.3733257960084, -24385.438083364992, -6562.225798337997, 1403.755661813072, -10.325099043305887, -377.01037589587304, -21.921468486225464, -676.4752437106597]",1.0
36,1.0
"[134548453.88074267, -1628.3734624320841, 7157.2511252748245, 9624413768660.83, 2048.6078347501693, -669.0970689258552, 4188.123549669878, 1688.0028858417238, -27061.481915824304, -3310.683883915677, 415.3672500222128, -9.738319392249545, -462.9774018372422, -18.435877309067514, -621.5117107068644]",1.0
36,1.0
"[131991213.8426859, -1575.3757211874777, 4461.660682208034, 7835670515657.584, 1918.1119044205516, -687.491027178937, 5050.138669317216, 755.7585836165206, -15999.509357135586, -7820.415920858733, 6049.168479436712, -10.203327708364734, -448.2378742400624, -9.207380511350204, -269.24985689599606]",1.0
36,1.0
"[130671673.61858502, -1641.1079307716311, 6413.135257317068, 9958935888271.955, 1959.244687128253, -692.3695718552806, 4465.073364362519, 1469.96044653227, -23615.55895804309, -1999.004115307484, 545.0975199636237, -9.865933122637948, -480.52793596383054, -17.872232027365413, -603.2162532043667]",1.0
36,1.0
36,1.0
"[151576458.72500506, -1517.7196590370834, 3933.711028983594, 12563212023477.762, 1996.951487836362, -258.4432021406861, 2994.493734618073, 472.44274594158566, -1449.6143987488877, -5060.776476571864, 272.43924768223474, -11.85333960651661, -547.9635042291839, -6.166936385361278, -906.1694038625724]",1.0
36,1.0
"[148013393.38077775, -1579.8037154237284, 6864.662588922615, 9041515430796.037, 1408.1937010872252, -1144.1261794005463, 3329.613849747389, 1300.0301060758375, -14556.891119443513, 3465.834288835105, 5631.262218563319, -9.660314576299022, -429.0120053452996, -17.6424825558857, -681.6227426519092]",1.0
36,1.0
"[146881769.36941716, -1077.7435030372874, 4688.061457674074, 7825969282949.613, 1661.4633652635057, -924.3371894097264, 4494.290047606784, 1057.710068078448, -9620.600840357385, -511.355468299009, 3995.898499968829, -6.883354629543907, -497.6206320223656, -8.9330479315465, -571.537283546307]",1.0
36,1.0
"[145972462.20858335, -1313.6278555704923, 3880.8254345418873, 7353133617444.5625, 1307.237263396587, -1051.4378865578312, 4824.298688456998, 1504.9351894736853, -15419.47401711457, 1817.4472541425514, 3077.227415845843, -11.722741846573602, -392.3351395295348, -14.28020936474383, -703.9401796341317]",1.0
36,1.0
"[145087368.6366075, -1423.672329787103, 3013.174611997506, 11383020192210.87, 2043.4490556193064, -539.260621142311, 5439.181690377585, 893.8421076306364, -14556.891119443513, -5676.322990897091, 2881.234500427454, -9.75742286842713, -469.48276346751084, -17.6424825558857, -740.7667062093543]",1.0
36,1.0
"[142679029.15034488, -1343.796561471584, 3628.772277764561, 9634175123164.365, 1460.0684043998913, -824.3626190068128, 4352.1007297687565, 1471.6945095443511, -20649.25989578506, 2070.5716803531377, 491.01296357210555, -11.722741846573602, -467.09166888628437, -18.435877309067514, -776.3009805482632]",1.0
36,1.0
"[140331935.88439417, -1593.3958913673207, 1581.406955216612, 13162606071216.66, 2238.382331286327, -155.8627872161913, 6049.7669006057895, 969.984568710562, -15118.326134533781, -4224.903314755557, 7345.239898514628, -12.15065141238724, -406.79123577285156, -20.9926862017358, -270.2050587244539]",1.0
36,1.0
"[138649680.85869622, -1099.529533630427, 4422.270543146367, 9386331247028.291, 1819.8277698215693, -627.2861816059365, 2994.493734618073, 954.9143767337063, -9248.11552905076, -3402.8290959770866, 3650.2898325816877, -7.914779326604936, -750.528448588443, -6.745520192317889, -425.7939411407714]",1.0
36,1.0
"[137004458.46445158, -1281.3382458177894, 5174.861688931228, 5646179452547.534, 1656.134535433419, -947.1651131110881, 4364.75844928604, 898.9269547577446, -8617.090735631566, -4794.98075583915, 7345.239898514628, -8.482455501483694, -508.54300230331046, -2.71317023401053, -216.78087681381814]",1.0
36,1.0
36,1.0
"[154193595.28415486, -1173.8283491468178, 2080.1667432044305, 10245124886265.924, 1344.581026007027, -1203.097720553843, 4918.75971807313, 954.9143767337063, -20920.895129805594, -5676.322990897091, 2931.866836204224, -4.462261402957591, -475.4422651565906, -18.022046406581453, -448.12658134442665]",1.0
36,1.0
"[152435851.1417379, -1522.7229182738247, 3636.5456774604954, 8941574005669.33, 1395.7991224039852, -867.0163968252023, 4824.298688456998, 1263.6993740776202, -11520.223451963553, 988.4735638451458, 1388.3021233960822, -13.692021986529479, -291.0526673499031, -13.99091746126552, -944.1279109950372]",1.0
36,1.0
"[151576458.72500506, -1517.7196590370834, 3933.711028983594, 12563212023477.762, 1996.951487836362, -258.4432021406861, 2994.493734618073, 472.44274594158566, -1449.6143987488877, -5060.776476571864, 272.43924768223474, -11.85333960651661, -547.9635042291839, -6.166936385361278, -906.1694038625724]",1.0
36,1.0
"[148013393.38077775, -1579.8037154237284, 6864.662588922615, 9041515430796.037, 1408.1937010872252, -1144.1261794005463, 3329.613849747389, 1300.0301060758375, -14556.891119443513, 3465.834288835105, 5631.262218563319, -9.660314576299022, -429.0120053452996, -17.6424825558857, -681.6227426519092]",1.0
36,1.0
"[146881769.36941716, -1077.7435030372874, 4688.061457674074, 7825969282949.613, 1661.4633652635057, -924.3371894097264, 4494.290047606784, 1057.710068078448, -9620.600840357385, -511.355468299009, 3995.898499968829, -6.883354629543907, -497.6206320223656, -8.9330479315465, -571.537283546307]",1.0
36,1.0
"[146421638.0714257, -1136.6789413886231, 3251.2186431753753, 9815728066647.117, 1582.2043979142934, -915.1919510798955, 3956.626726345621, 954.9143767337063, -15084.505329428295, -4539.576043437111, 3291.0783343929484, -6.188520364781228, -612.985356872514, -12.383783299449785, -436.96026124259924]",1.0
36,1.0
"[145972462.20858335, -1313.6278555704923, 3880.8254345418873, 7353133617444.5625, 1307.237263396587, -1051.4378865578312, 4824.298688456998, 1504.9351894736853, -15419.47401711457, 1817.4472541425514, 3077.227415845843, -11.722741846573602, -392.3351395295348, -14.28020936474383, -703.9401796341317]",1.0
36,1.0
"[145087368.6366075, -1423.672329787103, 3013.174611997506, 11383020192210.87, 2043.4490556193064, -539.260621142311, 5439.181690377585, 893.8421076306364, -14556.891119443513, -5676.322990897091, 2881.234500427454, -9.75742286842713, -469.48276346751084, -17.6424825558857, -740.7667062093543]",1.0
36,1.0
"[144021813.14488003, -1842.0092668971772, 9954.804198384874, 8264145404815.502, 1449.2789440246693, -1106.0384855309817, 2303.239090615107, 1522.9285074349787, -10446.59941278354, 9370.439814959907, 7374.709022657264, -13.01755866577081, -399.02429453781394, -17.397335295588185, -832.4298970465968]",1.0
36,1.0
37,1.0
"[154193595.28415486, -1173.8283491468178, 2080.1667432044305, 10245124886265.924, 1344.581026007027, -1203.097720553843, 4918.75971807313, 954.9143767337063, -20920.895129805594, -5676.322990897091, 2931.866836204224, -4.462261402957591, -475.4422651565906, -18.022046406581453, -448.12658134442665]",1.0
37,1.0
"[152435851.1417379, -1522.7229182738247, 3636.5456774604954, 8941574005669.33, 1395.7991224039852, -867.0163968252023, 4824.298688456998, 1263.6993740776202, -11520.223451963553, 988.4735638451458, 1388.3021233960822, -13.692021986529479, -291.0526673499031, -13.99091746126552, -944.1279109950372]",1.0
37,1.0
"[151576458.72500506, -1517.7196590370834, 3933.711028983594, 12563212023477.762, 1996.951487836362, -258.4432021406861, 2994.493734618073, 472.44274594158566, -1449.6143987488877, -5060.776476571864, 272.43924768223474, -11.85333960651661, -547.9635042291839, -6.166936385361278, -906.1694038625724]",1.0
37,1.0
"[148013393.38077775, -1579.8037154237284, 6864.662588922615, 9041515430796.037, 1408.1937010872252, -1144.1261794005463, 3329.613849747389, 1300.0301060758375, -14556.891119443513, 3465.834288835105, 5631.262218563319, -9.660314576299022, -429.0120053452996, -17.6424825558857, -681.6227426519092]",1.0
37,1.0
"[146881769.36941716, -1077.7435030372874, 4688.061457674074, 7825969282949.613, 1661.4633652635057, -924.3371894097264, 4494.290047606784, 1057.710068078448, -9620.600840357385, -511.355468299009, 3995.898499968829, -6.883354629543907, -497.6206320223656, -8.9330479315465, -571.537283546307]",1.0
37,1.0
"[146421638.0714257, -1136.6789413886231, 3251.2186431753753, 9815728066647.117, 1582.2043979142934, -915.1919510798955, 3956.626726345621, 954.9143767337063, -15084.505329428295, -4539.576043437111, 3291.0783343929484, -6.188520364781228, -612.985356872514, -12.383783299449785, -436.96026124259924]",1.0
37,1.0
"[145972462.20858335, -1313.6278555704923, 3880.8254345418873, 7353133617444.5625, 1307.237263396587, -1051.4378865578312, 4824.298688456998, 1504.9351894736853, -15419.47401711457, 1817.4472541425514, 3077.227415845843, -11.722741846573602, -392.3351395295348, -14.28020936474383, -703.9401796341317]",1.0
37,1.0
"[145087368.6366075, -1423.672329787103, 3013.174611997506, 11383020192210.87, 2043.4490556193064, -539.260621142311, 5439.181690377585, 893.8421076306364, -14556.891119443513, -5676.322990897091, 2881.234500427454, -9.75742286842713, -469.48276346751084, -17.6424825558857, -740.7667062093543]",1.0
37,1.0
"[144021813.14488003, -1842.0092668971772, 9954.804198384874, 8264145404815.502, 1449.2789440246693, -1106.0384855309817, 2303.239090615107, 1522.9285074349787, -10446.59941278354, 9370.439814959907, 7374.709022657264, -13.01755866577081, -399.02429453781394, -17.397335295588185, -832.4298970465968]",1.0
37,1.0
37,1.0
"[154193595.28415486, -1173.8283491468178, 2080.1667432044305, 10245124886265.924, 1344.581026007027, -1203.097720553843, 4918.75971807313, 954.9143767337063, -20920.895129805594, -5676.322990897091, 2931.866836204224, -4.462261402957591, -475.4422651565906, -18.022046406581453, -448.12658134442665]",1.0
37,1.0
"[152435851.1417379, -1522.7229182738247, 3636.5456774604954, 8941574005669.33, 1395.7991224039852, -867.0163968252023, 4824.298688456998, 1263.6993740776202, -11520.223451963553, 988.4735638451458, 1388.3021233960822, -13.692021986529479, -291.0526673499031, -13.99091746126552, -944.1279109950372]",1.0
37,1.0
"[151576458.72500506, -1517.7196590370834, 3933.711028983594, 12563212023477.762, 1996.951487836362, -258.4432021406861, 2994.493734618073, 472.44274594158566, -1449.6143987488877, -5060.776476571864, 272.43924768223474, -11.85333960651661, -547.9635042291839, -6.166936385361278, -906.1694038625724]",1.0
37,1.0
"[148013393.38077775, -1579.8037154237284, 6864.662588922615, 9041515430796.037, 1408.1937010872252, -1144.1261794005463, 3329.613849747389, 1300.0301060758375, -14556.891119443513, 3465.834288835105, 5631.262218563319, -9.660314576299022, -429.0120053452996, -17.6424825558857, -681.6227426519092]",1.0
37,1.0
"[146881769.36941716, -1077.7435030372874, 4688.061457674074, 7825969282949.613, 1661.4633652635057, -924.3371894097264, 4494.290047606784, 1057.710068078448, -9620.600840357385, -511.355468299009, 3995.898499968829, -6.883354629543907, -497.6206320223656, -8.9330479315465, -571.537283546307]",1.0
37,1.0
"[146837618.7687716, -1282.8391920098127, 6847.5588994174395, 10593951836127.16, 1285.165001588157, -735.65698133343, 2306.5597895973133, 745.348670877813, -9620.600840357385, -5967.318324805583, 3652.466573333234, -11.543784053054857, -456.770995380827, -22.504417216705505, -240.08916518390873]",1.0
37,1.0
"[146556175.0123655, -1558.9047576274693, 14098.871623204031, 6765427972251.638, 1483.2420418359193, -1164.3544577070566, 1699.8798504800263, 2338.8746229540575, -24481.003972478677, 2351.1129967844927, 5459.150329265352, -14.162582636036175, -424.10262554534916, -6.166936385361278, -209.59270736522018]",1.0
37,1.0
"[146421638.0714257, -1136.6789413886231, 3251.2186431753753, 9815728066647.117, 1582.2043979142934, -915.1919510798955, 3956.626726345621, 954.9143767337063, -15084.505329428295, -4539.576043437111, 3291.0783343929484, -6.188520364781228, -612.985356872514, -12.383783299449785, -436.96026124259924]",1.0
37,1.0
"[145972462.20858335, -1313.6278555704923, 3880.8254345418873, 7353133617444.5625, 1307.237263396587, -1051.4378865578312, 4824.298688456998, 1504.9351894736853, -15419.47401711457, 1817.4472541425514, 3077.227415845843, -11.722741846573602, -392.3351395295348, -14.28020936474383, -703.9401796341317]",1.0
37,1.0
37,1.0
"[154193595.28415486, -1173.8283491468178, 2080.1667432044305, 10245124886265.924, 1344.581026007027, -1203.097720553843, 4918.75971807313, 954.9143767337063, -20920.895129805594, -5676.322990897091, 2931.866836204224, -4.462261402957591, -475.4422651565906, -18.022046406581453, -448.12658134442665]",1.0
37,1.0
"[152435851.1417379, -1522.7229182738247, 3636.5456774604954, 8941574005669.33, 1395.7991224039852, -867.0163968252023, 4824.298688456998, 1263.6993740776202, -11520.223451963553, 988.4735638451458, 1388.3021233960822, -13.692021986529479, -291.0526673499031, -13.99091746126552, -944.1279109950372]",1.0
37,1.0
"[151576458.72500506, -1517.7196590370834, 3933.711028983594, 12563212023477.762, 1996.951487836362, -258.4432021406861, 2994.493734618073, 472.44274594158566, -1449.6143987488877, -5060.776476571864, 272.43924768223474, -11.85333960651661, -547.9635042291839, -6.166936385361278, -906.1694038625724]",1.0
37,1.0
"[149444997.7263126, -1175.4780357902548, 4486.51348809464, 9032816216852.008, 1680.141520194102, -790.8679380426397, 3861.2119276241892, 878.6246773358869, -7022.824235288646, -1624.847466964644, 2831.8963662226543, -7.84865525565089, -517.5318873873707, -7.311037672734633, -644.3290136079819]",1.0
37,1.0
"[148013393.38077775, -1579.8037154237284, 6864.662588922615, 9041515430796.037, 1408.1937010872252, -1144.1261794005463, 3329.613849747389, 1300.0301060758375, -14556.891119443513, 3465.834288835105, 5631.262218563319, -9.660314576299022, -429.0120053452996, -17.6424825558857, -681.6227426519092]",1.0
37,1.0
"[146881769.36941716, -1077.7435030372874, 4688.061457674074, 7825969282949.613, 1661.4633652635057, -924.3371894097264, 4494.290047606784, 1057.710068078448, -9620.600840357385, -511.355468299009, 3995.898499968829, -6.883354629543907, -497.6206320223656, -8.9330479315465, -571.537283546307]",1.0
37,1.0
"[146837618.7687716, -1282.8391920098127, 6847.5588994174395, 10593951836127.16, 1285.165001588157, -735.65698133343, 2306.5597895973133, 745.348670877813, -9620.600840357385, -5967.318324805583, 3652.466573333234, -11.543784053054857, -456.770995380827, -22.504417216705505, -240.08916518390873]",1.0
37,1.0
"[146556175.0123655, -1558.9047576274693, 14098.871623204031, 6765427972251.638, 1483.2420418359193, -1164.3544577070566, 1699.8798504800263, 2338.8746229540575, -24481.003972478677, 2351.1129967844927, 5459.150329265352, -14.162582636036175, -424.10262554534916, -6.166936385361278, -209.59270736522018]",1.0
37,1.0
"[146421638.0714257, -1136.6789413886231, 3251.2186431753753, 9815728066647.117, 1582.2043979142934, -915.1919510798955, 3956.626726345621, 954.9143767337063, -15084.505329428295, -4539.576043437111, 3291.0783343929484, -6.188520364781228, -612.985356872514, -12.383783299449785, -436.96026124259924]",1.0
37,1.0
38,1.0
"[154193595.28415486, -1173.8283491468178, 2080.1667432044305, 10245124886265.924, 1344.581026007027, -1203.097720553843, 4918.75971807313, 954.9143767337063, -20920.895129805594, -5676.322990897091, 2931.866836204224, -4.462261402957591, -475.4422651565906, -18.022046406581453, -448.12658134442665]",1.0
38,1.0
"[152435851.1417379, -1522.7229182738247, 3636.5456774604954, 8941574005669.33, 1395.7991224039852, -867.0163968252023, 4824.298688456998, 1263.6993740776202, -11520.223451963553, 988.4735638451458, 1388.3021233960822, -13.692021986529479, -291.0526673499031, -13.99091746126552, -944.1279109950372]",1.0
38,1.0
"[151576458.72500506, -1517.7196590370834, 3933.711028983594, 12563212023477.762, 1996.951487836362, -258.4432021406861, 2994.493734618073, 472.44274594158566, -1449.6143987488877, -5060.776476571864, 272.43924768223474, -11.85333960651661, -547.9635042291839, -6.166936385361278, -906.1694038625724]",1.0
38,1.0
"[149444997.7263126, -1175.4780357902548, 4486.51348809464, 9032816216852.008, 1680.141520194102, -790.8679380426397, 3861.2119276241892, 878.6246773358869, -7022.824235288646, -1624.847466964644, 2831.8963662226543, -7.84865525565089, -517.5318873873707, -7.311037672734633, -644.3290136079819]",1.0
38,1.0
"[148013393.38077775, -1579.8037154237284, 6864.662588922615, 9041515430796.037, 1408.1937010872252, -1144.1261794005463, 3329.613849747389, 1300.0301060758375, -14556.891119443513, 3465.834288835105, 5631.262218563319, -9.660314576299022, -429.0120053452996, -17.6424825558857, -681.6227426519092]",1.0
38,1.0
"[146881769.36941716, -1077.7435030372874, 4688.061457674074, 7825969282949.613, 1661.4633652635057, -924.3371894097264, 4494.290047606784, 1057.710068078448, -9620.600840357385, -511.355468299009, 3995.898499968829, -6.883354629543907, -497.6206320223656, -8.9330479315465, -571.537283546307]",1.0
38,1.0
"[146837618.7687716, -1282.8391920098127, 6847.5588994174395, 10593951836127.16, 1285.165001588157, -735.65698133343, 2306.5597895973133, 745.348670877813, -9620.600840357385, -5967.318324805583, 3652.466573333234, -11.543784053054857, -456.770995380827, -22.504417216705505, -240.08916518390873]",1.0
38,1.0
"[146556175.0123655, -1558.9047576274693, 14098.871623204031, 6765427972251.638, 1483.2420418359193, -1164.3544577070566, 1699.8798504800263, 2338.8746229540575, -24481.003972478677, 2351.1129967844927, 5459.150329265352, -14.162582636036175, -424.10262554534916, -6.166936385361278, -209.59270736522018]",1.0
38,1.0
"[146421638.0714257, -1136.6789413886231, 3251.2186431753753, 9815728066647.117, 1582.2043979142934, -915.1919510798955, 3956.626726345621, 954.9143767337063, -15084.505329428295, -4539.576043437111, 3291.0783343929484, -6.188520364781228, -612.985356872514, -12.383783299449785, -436.96026124259924]",1.0
38,1.0
38,1.0
"[154193595.28415486, -1173.8283491468178, 2080.1667432044305, 10245124886265.924, 1344.581026007027, -1203.097720553843, 4918.75971807313, 954.9143767337063, -20920.895129805594, -5676.322990897091, 2931.866836204224, -4.462261402957591, -475.4422651565906, -18.022046406581453, -448.12658134442665]",1.0
38,1.0
"[154193595.28415486, -1173.8283491468178, 2080.1667432044305, 10245124886265.924, 1344.581026007027, -1203.097720553843, 4918.75971807313, 954.9143767337063, -20920.895129805594, -5676.322990897091, 2931.866836204224, -4.462261402957591, -475.4422651565906, -18.022046406581453, -448.12658134442665]",1.0
38,1.0
"[152435851.1417379, -1522.7229182738247, 3636.5456774604954, 8941574005669.33, 1395.7991224039852, -867.0163968252023, 4824.298688456998, 1263.6993740776202, -11520.223451963553, 988.4735638451458, 1388.3021233960822, -13.692021986529479, -291.0526673499031, -13.99091746126552, -944.1279109950372]",1.0
38,1.0
"[152435851.1417379, -1522.7229182738247, 3636.5456774604954, 8941574005669.33, 1395.7991224039852, -867.0163968252023, 4824.298688456998, 1263.6993740776202, -11520.223451963553, 988.4735638451458, 1388.3021233960822, -13.692021986529479, -291.0526673499031, -13.99091746126552, -944.1279109950372]",1.0
38,1.0
"[151576458.72500506, -1517.7196590370834, 3933.711028983594, 12563212023477.762, 1996.951487836362, -258.4432021406861, 2994.493734618073, 472.44274594158566, -1449.6143987488877, -5060.776476571864, 272.43924768223474, -11.85333960651661, -547.9635042291839, -6.166936385361278, -906.1694038625724]",1.0
38,1.0
"[151576458.72500506, -1517.7196590370834, 3933.711028983594, 12563212023477.762, 1996.951487836362, -258.4432021406861, 2994.493734618073, 472.44274594158566, -1449.6143987488877, -5060.776476571864, 272.43924768223474, -11.85333960651661, -547.9635042291839, -6.166936385361278, -906.1694038625724]",1.0
38,1.0
"[149444997.7263126, -1175.4780357902548, 4486.51348809464, 9032816216852.008, 1680.141520194102, -790.8679380426397, 3861.2119276241892, 878.6246773358869, -7022.824235288646, -1624.847466964644, 2831.8963662226543, -7.84865525565089, -517.5318873873707, -7.311037672734633, -644.3290136079819]",1.0
38,1.0
"[149444997.7263126, -1175.4780357902548, 4486.51348809464, 9032816216852.008, 1680.141520194102, -790.8679380426397, 3861.2119276241892, 878.6246773358869, -7022.824235288646, -1624.847466964644, 2831.8963662226543, -7.84865525565089, -517.5318873873707, -7.311037672734633, -644.3290136079819]",1.0
38,1.0
"[148013393.38077775, -1579.8037154237284, 6864.662588922615, 9041515430796.037, 1408.1937010872252, -1144.1261794005463, 3329.613849747389, 1300.0301060758375, -14556.891119443513, 3465.834288835105, 5631.262218563319, -9.660314576299022, -429.0120053452996, -17.6424825558857, -681.6227426519092]",1.0
38,1.0
38,1.0
"[154193595.28415486, -1173.8283491468178, 2080.1667432044305, 10245124886265.924, 1344.581026007027, -1203.097720553843, 4918.75971807313, 954.9143767337063, -20920.895129805594, -5676.322990897091, 2931.866836204224, -4.462261402957591, -475.4422651565906, -18.022046406581453, -448.12658134442665]",1.0
38,1.0
"[154193595.28415486, -1173.8283491468178, 2080.1667432044305, 10245124886265.924, 1344.581026007027, -1203.097720553843, 4918.75971807313, 954.9143767337063, -20920.895129805594, -5676.322990897091, 2931.866836204224, -4.462261402957591, -475.4422651565906, -18.022046406581453, -448.12658134442665]",1.0
38,1.0
"[152680798.04491967, -1548.61855530032, 3801.497427912819, 9149642549842.701, 1431.1255195095607, -794.5034375709781, 4561.700072043593, 1209.6101966570052, -9576.551739314029, 1062.261852334239, 1072.6110893758532, -14.253160677056623, -300.1117300968615, -12.593079448008336, -981.0818162797967]",1.0
38,1.0
"[152435851.1417379, -1522.7229182738247, 3636.5456774604954, 8941574005669.33, 1395.7991224039852, -867.0163968252023, 4824.298688456998, 1263.6993740776202, -11520.223451963553, 988.4735638451458, 1388.3021233960822, -13.692021986529479, -291.0526673499031, -13.99091746126552, -944.1279109950372]",1.0
38,1.0
"[152435851.1417379, -1522.7229182738247, 3636.5456774604954, 8941574005669.33, 1395.7991224039852, -867.0163968252023, 4824.298688456998, 1263.6993740776202, -11520.223451963553, 988.4735638451458, 1388.3021233960822, -13.692021986529479, -291.0526673499031, -13.99091746126552, -944.1279109950372]",1.0
38,1.0
"[151576458.72500506, -1517.7196590370834, 3933.711028983594, 12563212023477.762, 1996.951487836362, -258.4432021406861, 2994.493734618073, 472.44274594158566, -1449.6143987488877, -5060.776476571864, 272.43924768223474, -11.85333960651661, -547.9635042291839, -6.166936385361278, -906.1694038625724]",1.0
38,1.0
"[151576458.72500506, -1517.7196590370834, 3933.711028983594, 12563212023477.762, 1996.951487836362, -258.4432021406861, 2994.493734618073, 472.44274594158566, -1449.6143987488877, -5060.776476571864, 272.43924768223474, -11.85333960651661, -547.9635042291839, -6.166936385361278, -906.1694038625724]",1.0
38,1.0
"[149444997.7263126, -1175.4780357902548, 4486.51348809464, 9032816216852.008, 1680.141520194102, -790.8679380426397, 3861.2119276241892, 878.6246773358869, -7022.824235288646, -1624.847466964644, 2831.8963662226543, -7.84865525565089, -517.5318873873707, -7.311037672734633, -644.3290136079819]",1.0
38,1.0
"[149444997.7263126, -1175.4780357902548, 4486.51348809464, 9032816216852.008, 1680.141520194102, -790.8679380426397, 3861.2119276241892, 878.6246773358869, -7022.824235288646, -1624.847466964644, 2831.8963662226543, -7.84865525565089, -517.5318873873707, -7.311037672734633, -644.3290136079819]",1.0
38,1.0
39,1.0
"[154193595.28415486, -1173.8283491468178, 2080.1667432044305, 10245124886265.924, 1344.581026007027, -1203.097720553843, 4918.75971807313, 954.9143767337063, -20920.895129805594, -5676.322990897091, 2931.866836204224, -4.462261402957591, -475.4422651565906, -18.022046406581453, -448.12658134442665]",1.0
39,1.0
"[154193595.28415486, -1173.8283491468178, 2080.1667432044305, 10245124886265.924, 1344.581026007027, -1203.097720553843, 4918.75971807313, 954.9143767337063, -20920.895129805594, -5676.322990897091, 2931.866836204224, -4.462261402957591, -475.4422651565906, -18.022046406581453, -448.12658134442665]",1.0
39,1.0
"[152680798.04491967, -1548.61855530032, 3801.497427912819, 9149642549842.701, 1431.1255195095607, -794.5034375709781, 4561.700072043593, 1209.6101966570052, -9576.551739314029, 1062.261852334239, 1072.6110893758532, -14.253160677056623, -300.1117300968615, -12.593079448008336, -981.0818162797967]",1.0
39,1.0
"[152435851.1417379, -1522.7229182738247, 3636.5456774604954, 8941574005669.33, 1395.7991224039852, -867.0163968252023, 4824.298688456998, 1263.6993740776202, -11520.223451963553, 988.4735638451458, 1388.3021233960822, -13.692021986529479, -291.0526673499031, -13.99091746126552, -944.1279109950372]",1.0
39,1.0
"[152435851.1417379, -1522.7229182738247, 3636.5456774604954, 8941574005669.33, 1395.7991224039852, -867.0163968252023, 4824.298688456998, 1263.6993740776202, -11520.223451963553, 988.4735638451458, 1388.3021233960822, -13.692021986529479, -291.0526673499031, -13.99091746126552, -944.1279109950372]",1.0
39,1.0
"[151576458.72500506, -1517.7196590370834, 3933.711028983594, 12563212023477.762, 1996.951487836362, -258.4432021406861, 2994.493734618073, 472.44274594158566, -1449.6143987488877, -5060.776476571864, 272.43924768223474, -11.85333960651661, -547.9635042291839, -6.166936385361278, -906.1694038625724]",1.0
39,1.0
"[151576458.72500506, -1517.7196590370834, 3933.711028983594, 12563212023477.762, 1996.951487836362, -258.4432021406861, 2994.493734618073, 472.44274594158566, -1449.6143987488877, -5060.776476571864, 272.43924768223474, -11.85333960651661, -547.9635042291839, -6.166936385361278, -906.1694038625724]",1.0
39,1.0
"[149444997.7263126, -1175.4780357902548, 4486.51348809464, 9032816216852.008, 1680.141520194102, -790.8679380426397, 3861.2119276241892, 878.6246773358869, -7022.824235288646, -1624.847466964644, 2831.8963662226543, -7.84865525565089, -517.5318873873707, -7.311037672734633, -644.3290136079819]",1.0
39,1.0
"[149444997.7263126, -1175.4780357902548, 4486.51348809464, 9032816216852.008, 1680.141520194102, -790.8679380426397, 3861.2119276241892, 878.6246773358869, -7022.824235288646, -1624.847466964644, 2831.8963662226543, -7.84865525565089, -517.5318873873707, -7.311037672734633, -644.3290136079819]",1.0
39,1.0
39,1.0
"[154193595.28415486, -1173.8283491468178, 2080.1667432044305, 10245124886265.924, 1344.581026007027, -1203.097720553843, 4918.75971807313, 954.9143767337063, -20920.895129805594, -5676.322990897091, 2931.866836204224, -4.462261402957591, -475.4422651565906, -18.022046406581453, -448.12658134442665]",1.0
39,1.0
"[154193595.28415486, -1173.8283491468178, 2080.1667432044305, 10245124886265.924, 1344.581026007027, -1203.097720553843, 4918.75971807313, 954.9143767337063, -20920.895129805594, -5676.322990897091, 2931.866836204224, -4.462261402957591, -475.4422651565906, -18.022046406581453, -448.12658134442665]",1.0
39,1.0
"[154193595.28415486, -1521.5756744521261, 2813.06450496649, 13469742181786.14, 1543.2726120511718, -1153.6939140298086, 2086.4155987539834, 1007.968625940114, -19409.43557460834, -5627.084795367397, 3905.339669656106, -13.692021986529479, -249.67818636966197, -10.839937578345411, -360.71620182912034]",1.0
39,1.0
"[153456370.45321298, -1715.3155351453386, 3820.15810175799, 11381530186109.191, 1702.2475764592762, -891.2898548361029, 979.1091251608373, 278.3906187510507, -4324.468061689849, -4494.46815777633, 38.88859689716651, -9.821605653826982, -745.7200571186092, -10.097331298650923, -946.1572862562778]",1.0
39,1.0
"[152680798.04491967, -1155.8197111392387, 3727.0529252073084, 8035043847360.951, 1262.0813147087151, -1525.8966866054739, 3795.5207655786435, 687.1815157833266, -9829.330518309172, 5623.382078577199, 3151.408280505897, -11.85333960651661, -350.20695133975846, -12.593079448008336, -981.0818162797967]",1.0
39,1.0
"[152680798.04491967, -1548.61855530032, 3801.497427912819, 9149642549842.701, 1431.1255195095607, -794.5034375709781, 4561.700072043593, 1209.6101966570052, -9576.551739314029, 1062.261852334239, 1072.6110893758532, -14.253160677056623, -300.1117300968615, -12.593079448008336, -981.0818162797967]",1.0
39,1.0
"[152435851.1417379, -1522.7229182738247, 3636.5456774604954, 8941574005669.33, 1395.7991224039852, -867.0163968252023, 4824.298688456998, 1263.6993740776202, -11520.223451963553, 988.4735638451458, 1388.3021233960822, -13.692021986529479, -291.0526673499031, -13.99091746126552, -944.1279109950372]",1.0
39,1.0
"[152435851.1417379, -1522.7229182738247, 3636.5456774604954, 8941574005669.33, 1395.7991224039852, -867.0163968252023, 4824.298688456998, 1263.6993740776202, -11520.223451963553, 988.4735638451458, 1388.3021233960822, -13.692021986529479, -291.0526673499031, -13.99091746126552, -944.1279109950372]",1.0
39,1.0
"[151576458.72500506, -1517.7196590370834, 3933.711028983594, 12563212023477.762, 1996.951487836362, -258.4432021406861, 2994.493734618073, 472.44274594158566, -1449.6143987488877, -5060.776476571864, 272.43924768223474, -11.85333960651661, -547.9635042291839, -6.166936385361278, -906.1694038625724]",1.0
39,1.0
39,1.0
"[154193595.28415486, -1173.8283491468178, 2080.1667432044305, 10245124886265.924, 1344.581026007027, -1203.097720553843, 4918.75971807313, 954.9143767337063, -20920.895129805594, -5676.322990897091, 2931.866836204224, -4.462261402957591, -475.4422651565906, -18.022046406581453, -448.12658134442665]",1.0
39,1.0
"[154193595.28415486, -1173.8283491468178, 2080.1667432044305, 10245124886265.924, 1344.581026007027, -1203.097720553843, 4918.75971807313, 954.9143767337063, -20920.895129805594, -5676.322990897091, 2931.866836204224, -4.462261402957591, -475.4422651565906, -18.022046406581453, -448.12658134442665]",1.0
39,1.0
"[154193595.28415486, -1521.5756744521261, 2813.06450496649, 13469742181786.14, 1543.2726120511718, -1153.6939140298086, 2086.4155987539834, 1007.968625940114, -19409.43557460834, -5627.084795367397, 3905.339669656106, -13.692021986529479, -249.67818636966197, -10.839937578345411, -360.71620182912034]",1.0
39,1.0
"[153456370.45321298, -1715.3155351453386, 3820.15810175799, 11381530186109.191, 1702.2475764592762, -891.2898548361029, 979.1091251608373, 278.3906187510507, -4324.468061689849, -4494.46815777633, 38.88859689716651, -9.821605653826982, -745.7200571186092, -10.097331298650923, -946.1572862562778]",1.0
39,1.0
"[152680798.04491967, -1155.8197111392387, 3727.0529252073084, 8035043847360.951, 1262.0813147087151, -1525.8966866054739, 3795.5207655786435, 687.1815157833266, -9829.330518309172, 5623.382078577199, 3151.408280505897, -11.85333960651661, -350.20695133975846, -12.593079448008336, -981.0818162797967]",1.0
39,1.0
"[152680798.04491967, -1548.61855530032, 3801.497427912819, 9149642549842.701, 1431.1255195095607, -794.5034375709781, 4561.700072043593, 1209.6101966570052, -9576.551739314029, 1062.261852334239, 1072.6110893758532, -14.253160677056623, -300.1117300968615, -12.593079448008336, -981.0818162797967]",1.0
39,1.0
"[152680798.04491967, -1548.61855530032, 3801.497427912819, 9149642549842.701, 1431.1255195095607, -794.5034375709781, 4561.700072043593, 1209.6101966570052, -9576.551739314029, 1062.261852334239, 1072.6110893758532, -14.253160677056623, -300.1117300968615, -12.593079448008336, -981.0818162797967]",1.0
39,1.0
"[152435851.1417379, -1522.7229182738247, 3636.5456774604954, 8941574005669.33, 1395.7991224039852, -867.0163968252023, 4824.298688456998, 1263.6993740776202, -11520.223451963553, 988.4735638451458, 1388.3021233960822, -13.692021986529479, -291.0526673499031, -13.99091746126552, -944.1279109950372]",1.0
39,1.0
"[152435851.1417379, -1522.7229182738247, 3636.5456774604954, 8941574005669.33, 1395.7991224039852, -867.0163968252023, 4824.298688456998, 1263.6993740776202, -11520.223451963553, 988.4735638451458, 1388.3021233960822, -13.692021986529479, -291.0526673499031, -13.99091746126552, -944.1279109950372]",1.0
39,1.0
40,1.0
"[154193595.28415486, -1173.8283491468178, 2080.1667432044305, 10245124886265.924, 1344.581026007027, -1203.097720553843, 4918.75971807313, 954.9143767337063, -20920.895129805594, -5676.322990897091, 2931.866836204224, -4.462261402957591, -475.4422651565906, -18.022046406581453, -448.12658134442665]",1.0
40,1.0
"[154193595.28415486, -1173.8283491468178, 2080.1667432044305, 10245124886265.924, 1344.581026007027, -1203.097720553843, 4918.75971807313, 954.9143767337063, -20920.895129805594, -5676.322990897091, 2931.866836204224, -4.462261402957591, -475.4422651565906, -18.022046406581453, -448.12658134442665]",1.0
40,1.0
"[154193595.28415486, -1521.5756744521261, 2813.06450496649, 13469742181786.14, 1543.2726120511718, -1153.6939140298086, 2086.4155987539834, 1007.968625940114, -19409.43557460834, -5627.084795367397, 3905.339669656106, -13.692021986529479, -249.67818636966197, -10.839937578345411, -360.71620182912034]",1.0
40,1.0
"[153456370.45321298, -1715.3155351453386, 3820.15810175799, 11381530186109.191, 1702.2475764592762, -891.2898548361029, 979.1091251608373, 278.3906187510507, -4324.468061689849, -4494.46815777633, 38.88859689716651, -9.821605653826982, -745.7200571186092, -10.097331298650923, -946.1572862562778]",1.0
40,1.0
"[152680798.04491967, -1155.8197111392387, 3727.0529252073084, 8035043847360.951, 1262.0813147087151, -1525.8966866054739, 3795.5207655786435, 687.1815157833266, -9829.330518309172, 5623.382078577199, 3151.408280505897, -11.85333960651661, -350.20695133975846, -12.593079448008336, -981.0818162797967]",1.0
40,1.0
"[152680798.04491967, -1548.61855530032, 3801.497427912819, 9149642549842.701, 1431.1255195095607, -794.5034375709781, 4561.700072043593, 1209.6101966570052, -9576.551739314029, 1062.261852334239, 1072.6110893758532, -14.253160677056623, -300.1117300968615, -12.593079448008336, -981.0818162797967]",1.0
40,1.0
"[152680798.04491967, -1548.61855530032, 3801.497427912819, 9149642549842.701, 1431.1255195095607, -794.5034375709781, 4561.700072043593, 1209.6101966570052, -9576.551739314029, 1062.261852334239, 1072.6110893758532, -14.253160677056623, -300.1117300968615, -12.593079448008336, -981.0818162797967]",1.0
40,1.0
"[152435851.1417379, -1522.7229182738247, 3636.5456774604954, 8941574005669.33, 1395.7991224039852, -867.0163968252023, 4824.298688456998, 1263.6993740776202, -11520.223451963553, 988.4735638451458, 1388.3021233960822, -13.692021986529479, -291.0526673499031, -13.99091746126552, -944.1279109950372]",1.0
40,1.0
"[152435851.1417379, -1522.7229182738247, 3636.5456774604954, 8941574005669.33, 1395.7991224039852, -867.0163968252023, 4824.298688456998, 1263.6993740776202, -11520.223451963553, 988.4735638451458, 1388.3021233960822, -13.692021986529479, -291.0526673499031, -13.99091746126552, -944.1279109950372]",1.0
40,1.0
40,1.0
"[154193595.28415486, -1173.8283491468178, 2080.1667432044305, 10245124886265.924, 1344.581026007027, -1203.097720553843, 4918.75971807313, 954.9143767337063, -20920.895129805594, -5676.322990897091, 2931.866836204224, -4.462261402957591, -475.4422651565906, -18.022046406581453, -448.12658134442665]",1.0
40,1.0
"[154193595.28415486, -1173.8283491468178, 2080.1667432044305, 10245124886265.924, 1344.581026007027, -1203.097720553843, 4918.75971807313, 954.9143767337063, -20920.895129805594, -5676.322990897091, 2931.866836204224, -4.462261402957591, -475.4422651565906, -18.022046406581453, -448.12658134442665]",1.0
40,1.0
"[154193595.28415486, -1521.5756744521261, 2813.06450496649, 13469742181786.14, 1543.2726120511718, -1153.6939140298086, 2086.4155987539834, 1007.968625940114, -19409.43557460834, -5627.084795367397, 3905.339669656106, -13.692021986529479, -249.67818636966197, -10.839937578345411, -360.71620182912034]",1.0
40,1.0
"[153456370.45321298, -1715.3155351453386, 3820.15810175799, 11381530186109.191, 1702.2475764592762, -891.2898548361029, 979.1091251608373, 278.3906187510507, -4324.468061689849, -4494.46815777633, 38.88859689716651, -9.821605653826982, -745.7200571186092, -10.097331298650923, -946.1572862562778]",1.0
40,1.0
"[153456370.45321298, -1715.3155351453386, 3820.15810175799, 11381530186109.191, 1702.2475764592762, -891.2898548361029, 979.1091251608373, 278.3906187510507, -4324.468061689849, -4494.46815777633, 38.88859689716651, -9.821605653826982, -745.7200571186092, -10.097331298650923, -946.1572862562778]",1.0
40,1.0
"[152680798.04491967, -1155.8197111392387, 3727.0529252073084, 8035043847360.951, 1262.0813147087151, -1525.8966866054739, 3795.5207655786435, 687.1815157833266, -9829.330518309172, 5623.382078577199, 3151.408280505897, -11.85333960651661, -350.20695133975846, -12.593079448008336, -981.0818162797967]",1.0
40,1.0
"[152680798.04491967, -1155.8197111392387, 3727.0529252073084, 8035043847360.951, 1262.0813147087151, -1525.8966866054739, 3795.5207655786435, 687.1815157833266, -9829.330518309172, 5623.382078577199, 3151.408280505897, -11.85333960651661, -350.20695133975846, -12.593079448008336, -981.0818162797967]",1.0
40,1.0
"[152680798.04491967, -1548.61855530032, 3801.497427912819, 9149642549842.701, 1431.1255195095607, -794.5034375709781, 4561.700072043593, 1209.6101966570052, -9576.551739314029, 1062.261852334239, 1072.6110893758532, -14.253160677056623, -300.1117300968615, -12.593079448008336, -981.0818162797967]",1.0
40,1.0
"[152680798.04491967, -1548.61855530032, 3801.497427912819, 9149642549842.701, 1431.1255195095607, -794.5034375709781, 4561.700072043593, 1209.6101966570052, -9576.551739314029, 1062.261852334239, 1072.6110893758532, -14.253160677056623, -300.1117300968615, -12.593079448008336, -981.0818162797967]",1.0
40,1.0
40,1.0
"[154516530.89434016, -1514.1733550633614, 2942.9812545402565, 13358835858717.52, 1566.1103332702394, -1063.9954530475065, 2078.567947519845, 930.3199714843256, -17027.480944851304, -5535.6851683939085, 3372.8418803377067, -13.329208573395686, -288.59197912226296, -9.855036512086198, -419.87816057074565]",1.0
40,1.0
"[154193595.28415486, -1173.8283491468178, 2080.1667432044305, 10245124886265.924, 1344.581026007027, -1203.097720553843, 4918.75971807313, 954.9143767337063, -20920.895129805594, -5676.322990897091, 2931.866836204224, -4.462261402957591, -475.4422651565906, -18.022046406581453, -448.12658134442665]",1.0
40,1.0
"[154193595.28415486, -1173.8283491468178, 2080.1667432044305, 10245124886265.924, 1344.581026007027, -1203.097720553843, 4918.75971807313, 954.9143767337063, -20920.895129805594, -5676.322990897091, 2931.866836204224, -4.462261402957591, -475.4422651565906, -18.022046406581453, -448.12658134442665]",1.0
40,1.0
"[154193595.28415486, -1521.5756744521261, 2813.06450496649, 13469742181786.14, 1543.2726120511718, -1153.6939140298086, 2086.4155987539834, 1007.968625940114, -19409.43557460834, -5627.084795367397, 3905.339669656106, -13.692021986529479, -249.67818636966197, -10.839937578345411, -360.71620182912034]",1.0
40,1.0
"[153456370.45321298, -1715.3155351453386, 3820.15810175799, 11381530186109.191, 1702.2475764592762, -891.2898548361029, 979.1091251608373, 278.3906187510507, -4324.468061689849, -4494.46815777633, 38.88859689716651, -9.821605653826982, -745.7200571186092, -10.097331298650923, -946.1572862562778]",1.0
40,1.0
"[153456370.45321298, -1715.3155351453386, 3820.15810175799, 11381530186109.191, 1702.2475764592762, -891.2898548361029, 979.1091251608373, 278.3906187510507, -4324.468061689849, -4494.46815777633, 38.88859689716651, -9.821605653826982, -745.7200571186092, -10.097331298650923, -946.1572862562778]",1.0
40,1.0
"[153068584.24906632, -1435.567623142282, 3773.6055134826483, 9708287016735.031, 1482.1644455839903, -1208.593270720796, 2387.3149453697743, 482.78606726719363, -7076.899289999577, 564.4569604005574, 1595.1484387015696, -10.83747263017182, -547.9635042291791, -11.345205373329659, -963.6195512680376]",1.0
40,1.0
"[152680798.04491967, -959.4202890586934, 3689.830673854552, 7477744496120.0625, 1177.5592123082902, -1891.5933111227305, 3412.43111234616, 425.96717534648104, -9955.719907806748, 7903.942191698734, 4190.806876070944, -10.653429071246574, -375.25456196120757, -12.593079448008336, -981.0818162797967]",1.0
40,1.0
"[152680798.04491967, -1155.8197111392387, 3727.0529252073084, 8035043847360.951, 1262.0813147087151, -1525.8966866054739, 3795.5207655786435, 687.1815157833266, -9829.330518309172, 5623.382078577199, 3151.408280505897, -11.85333960651661, -350.20695133975846, -12.593079448008336, -981.0818162797967]",1.0
40,1.0
41,1.0
"[154516530.89434016, -1514.1733550633614, 2942.9812545402565, 13358835858717.52, 1566.1103332702394, -1063.9954530475065, 2078.567947519845, 930.3199714843256, -17027.480944851304, -5535.6851683939085, 3372.8418803377067, -13.329208573395686, -288.59197912226296, -9.855036512086198, -419.87816057074565]",1.0
41,1.0
"[154193595.28415486, -1173.8283491468178, 2080.1667432044305, 10245124886265.924, 1344.581026007027, -1203.097720553843, 4918.75971807313, 954.9143767337063, -20920.895129805594, -5676.322990897091, 2931.866836204224, -4.462261402957591, -475.4422651565906, -18.022046406581453, -448.12658134442665]",1.0
41,1.0
"[154193595.28415486, -1173.8283491468178, 2080.1667432044305, 10245124886265.924, 1344.581026007027, -1203.097720553843, 4918.75971807313, 954.9143767337063, -20920.895129805594, -5676.322990897091, 2931.866836204224, -4.462261402957591, -475.4422651565906, -18.022046406581453, -448.12658134442665]",1.0
41,1.0
"[154193595.28415486, -1521.5756744521261, 2813.06450496649, 13469742181786.14, 1543.2726120511718, -1153.6939140298086, 2086.4155987539834, 1007.968625940114, -19409.43557460834, -5627.084795367397, 3905.339669656106, -13.692021986529479, -249.67818636966197, -10.839937578345411, -360.71620182912034]",1.0
41,1.0
"[153456370.45321298, -1715.3155351453386, 3820.15810175799, 11381530186109.191, 1702.2475764592762, -891.2898548361029, 979.1091251608373, 278.3906187510507, -4324.468061689849, -4494.46815777633, 38.88859689716651, -9.821605653826982, -745.7200571186092, -10.097331298650923, -946.1572862562778]",1.0
41,1.0
"[153456370.45321298, -1715.3155351453386, 3820.15810175799, 11381530186109.191, 1702.2475764592762, -891.2898548361029, 979.1091251608373, 278.3906187510507, -4324.468061689849, -4494.46815777633, 38.88859689716651, -9.821605653826982, -745.7200571186092, -10.097331298650923, -946.1572862562778]",1.0
41,1.0
"[153068584.24906632, -1435.567623142282, 3773.6055134826483, 9708287016735.031, 1482.1644455839903, -1208.593270720796, 2387.3149453697743, 482.78606726719363, -7076.899289999577, 564.4569604005574, 1595.1484387015696, -10.83747263017182, -547.9635042291791, -11.345205373329659, -963.6195512680376]",1.0
41,1.0
"[152680798.04491967, -959.4202890586934, 3689.830673854552, 7477744496120.0625, 1177.5592123082902, -1891.5933111227305, 3412.43111234616, 425.96717534648104, -9955.719907806748, 7903.942191698734, 4190.806876070944, -10.653429071246574, -375.25456196120757, -12.593079448008336, -981.0818162797967]",1.0
41,1.0
"[152680798.04491967, -1155.8197111392387, 3727.0529252073084, 8035043847360.951, 1262.0813147087151, -1525.8966866054739, 3795.5207655786435, 687.1815157833266, -9829.330518309172, 5623.382078577199, 3151.408280505897, -11.85333960651661, -350.20695133975846, -12.593079448008336, -981.0818162797967]",1.0
41,1.0
41,1.0
"[156896826.4632721, -1459.6122986633388, 3900.572345727228, 12541366923609.102, 1734.442734243474, -402.845544266392, 2020.7244367084377, 357.98684281950085, 529.4433204974412, -4861.996295983127, -552.0957493443398, -10.654981475504908, -575.4179764354781, -2.5955223243881527, -855.9494509472347]",1.0
41,1.0
"[156485157.80325782, -1204.8321995587057, 3015.5435533193777, 8870561763871.17, 1696.375190314703, -712.9431185105516, 919.8322919505414, -308.12453105034916, -3566.8345464622525, -5676.322990897091, 2398.5883946116555, -9.572083075130204, -339.89189819973217, -3.328026791074058, -963.6195512680376]",1.0
41,1.0
"[155500159.0458036, -1570.809186834801, 1288.6406984617884, 14325601132766.666, 1756.5069425528563, -1203.097720553843, 4404.534695311812, 866.6631702409022, -17027.480944851304, -6566.633513219406, 3580.580751378582, -6.875367043229543, -419.8436074732144, -11.704347776724882, -999.5424518024477]",1.0
41,1.0
"[154516530.89434016, -1514.1733550633614, 2942.9812545402565, 13358835858717.52, 1566.1103332702394, -1063.9954530475065, 2078.567947519845, 930.3199714843256, -17027.480944851304, -5535.6851683939085, 3372.8418803377067, -13.329208573395686, -288.59197912226296, -9.855036512086198, -419.87816057074565]",1.0
41,1.0
"[154193595.28415486, -1173.8283491468178, 2080.1667432044305, 10245124886265.924, 1344.581026007027, -1203.097720553843, 4918.75971807313, 954.9143767337063, -20920.895129805594, -5676.322990897091, 2931.866836204224, -4.462261402957591, -475.4422651565906, -18.022046406581453, -448.12658134442665]",1.0
41,1.0
"[154193595.28415486, -1173.8283491468178, 2080.1667432044305, 10245124886265.924, 1344.581026007027, -1203.097720553843, 4918.75971807313, 954.9143767337063, -20920.895129805594, -5676.322990897091, 2931.866836204224, -4.462261402957591, -475.4422651565906, -18.022046406581453, -448.12658134442665]",1.0
41,1.0
"[154193595.28415486, -1521.5756744521261, 2813.06450496649, 13469742181786.14, 1543.2726120511718, -1153.6939140298086, 2086.4155987539834, 1007.968625940114, -19409.43557460834, -5627.084795367397, 3905.339669656106, -13.692021986529479, -249.67818636966197, -10.839937578345411, -360.71620182912034]",1.0
41,1.0
"[153456370.45321298, -1715.3155351453386, 3820.15810175799, 11381530186109.191, 1702.2475764592762, -891.2898548361029, 979.1091251608373, 278.3906187510507, -4324.468061689849, -4494.46815777633, 38.88859689716651, -9.821605653826982, -745.7200571186092, -10.097331298650923, -946.1572862562778]",1.0
41,1.0
"[153456370.45321298, -1715.3155351453386, 3820.15810175799, 11381530186109.191, 1702.2475764592762, -891.2898548361029, 979.1091251608373, 278.3906187510507, -4324.468061689849, -4494.46815777633, 38.88859689716651, -9.821605653826982, -745.7200571186092, -10.097331298650923, -946.1572862562778]",1.0
41,1.0
41,1.0
"[156896826.4632721, -1459.6122986633388, 3900.572345727228, 12541366923609.102, 1734.442734243474, -402.845544266392, 2020.7244367084377, 357.98684281950085, 529.4433204974412, -4861.996295983127, -552.0957493443398, -10.654981475504908, -575.4179764354781, -2.5955223243881527, -855.9494509472347]",1.0
41,1.0
"[156485157.80325782, -1204.8321995587057, 3015.5435533193777, 8870561763871.17, 1696.375190314703, -712.9431185105516, 919.8322919505414, -308.12453105034916, -3566.8345464622525, -5676.322990897091, 2398.5883946116555, -9.572083075130204, -339.89189819973217, -3.328026791074058, -963.6195512680376]",1.0
41,1.0
"[155500159.0458036, -1570.809186834801, 1288.6406984617884, 14325601132766.666, 1756.5069425528563, -1203.097720553843, 4404.534695311812, 866.6631702409022, -17027.480944851304, -6566.633513219406, 3580.580751378582, -6.875367043229543, -419.8436074732144, -11.704347776724882, -999.5424518024477]",1.0
41,1.0
"[154516530.89434016, -1514.1733550633614, 2942.9812545402565, 13358835858717.52, 1566.1103332702394, -1063.9954530475065, 2078.567947519845, 930.3199714843256, -17027.480944851304, -5535.6851683939085, 3372.8418803377067, -13.329208573395686, -288.59197912226296, -9.855036512086198, -419.87816057074565]",1.0
41,1.0
"[154193595.28415486, -1173.8283491468178, 2080.1667432044305, 10245124886265.924, 1344.581026007027, -1203.097720553843, 4918.75971807313, 954.9143767337063, -20920.895129805594, -5676.322990897091, 2931.866836204224, -4.462261402957591, -475.4422651565906, -18.022046406581453, -448.12658134442665]",1.0
41,1.0
"[154193595.28415486, -1173.8283491468178, 2080.1667432044305, 10245124886265.924, 1344.581026007027, -1203.097720553843, 4918.75971807313, 954.9143767337063, -20920.895129805594, -5676.322990897091, 2931.866836204224, -4.462261402957591, -475.4422651565906, -18.022046406581453, -448.12658134442665]",1.0
41,1.0
"[154193595.28415486, -1521.5756744521261, 2813.06450496649, 13469742181786.14, 1543.2726120511718, -1153.6939140298086, 2086.4155987539834, 1007.968625940114, -19409.43557460834, -5627.084795367397, 3905.339669656106, -13.692021986529479, -249.67818636966197, -10.839937578345411, -360.71620182912034]",1.0
41,1.0
"[153456370.45321298, -1715.3155351453386, 3820.15810175799, 11381530186109.191, 1702.2475764592762, -891.2898548361029, 979.1091251608373, 278.3906187510507, -4324.468061689849, -4494.46815777633, 38.88859689716651, -9.821605653826982, -745.7200571186092, -10.097331298650923, -946.1572862562778]",1.0
41,1.0
"[153456370.45321298, -1715.3155351453386, 3820.15810175799, 11381530186109.191, 1702.2475764592762, -891.2898548361029, 979.1091251608373, 278.3906187510507, -4324.468061689849, -4494.46815777633, 38.88859689716651, -9.821605653826982, -745.7200571186092, -10.097331298650923, -946.1572862562778]",1.0
41,1.0
42,1.0
"[156896826.4632721, -1459.6122986633388, 3900.572345727228, 12541366923609.102, 1734.442734243474, -402.845544266392, 2020.7244367084377, 357.98684281950085, 529.4433204974412, -4861.996295983127, -552.0957493443398, -10.654981475504908, -575.4179764354781, -2.5955223243881527, -855.9494509472347]",1.0
42,1.0
"[156485157.80325782, -1204.8321995587057, 3015.5435533193777, 8870561763871.17, 1696.375190314703, -712.9431185105516, 919.8322919505414, -308.12453105034916, -3566.8345464622525, -5676.322990897091, 2398.5883946116555, -9.572083075130204, -339.89189819973217, -3.328026791074058, -963.6195512680376]",1.0
42,1.0
"[155500159.0458036, -1570.809186834801, 1288.6406984617884, 14325601132766.666, 1756.5069425528563, -1203.097720553843, 4404.534695311812, 866.6631702409022, -17027.480944851304, -6566.633513219406, 3580.580751378582, -6.875367043229543, -419.8436074732144, -11.704347776724882, -999.5424518024477]",1.0
42,1.0
"[154516530.89434016, -1514.1733550633614, 2942.9812545402565, 13358835858717.52, 1566.1103332702394, -1063.9954530475065, 2078.567947519845, 930.3199714843256, -17027.480944851304, -5535.6851683939085, 3372.8418803377067, -13.329208573395686, -288.59197912226296, -9.855036512086198, -419.87816057074565]",1.0
42,1.0
"[154193595.28415486, -1173.8283491468178, 2080.1667432044305, 10245124886265.924, 1344.581026007027, -1203.097720553843, 4918.75971807313, 954.9143767337063, -20920.895129805594, -5676.322990897091, 2931.866836204224, -4.462261402957591, -475.4422651565906, -18.022046406581453, -448.12658134442665]",1.0
42,1.0
"[154193595.28415486, -1173.8283491468178, 2080.1667432044305, 10245124886265.924, 1344.581026007027, -1203.097720553843, 4918.75971807313, 954.9143767337063, -20920.895129805594, -5676.322990897091, 2931.866836204224, -4.462261402957591, -475.4422651565906, -18.022046406581453, -448.12658134442665]",1.0
42,1.0
"[154193595.28415486, -1521.5756744521261, 2813.06450496649, 13469742181786.14, 1543.2726120511718, -1153.6939140298086, 2086.4155987539834, 1007.968625940114, -19409.43557460834, -5627.084795367397, 3905.339669656106, -13.692021986529479, -249.67818636966197, -10.839937578345411, -360.71620182912034]",1.0
42,1.0
"[153456370.45321298, -1715.3155351453386, 3820.15810175799, 11381530186109.191, 1702.2475764592762, -891.2898548361029, 979.1091251608373, 278.3906187510507, -4324.468061689849, -4494.46815777633, 38.88859689716651, -9.821605653826982, -745.7200571186092, -10.097331298650923, -946.1572862562778]",1.0
42,1.0
"[153456370.45321298, -1715.3155351453386, 3820.15810175799, 11381530186109.191, 1702.2475764592762, -891.2898548361029, 979.1091251608373, 278.3906187510507, -4324.468061689849, -4494.46815777633, 38.88859689716651, -9.821605653826982, -745.7200571186092, -10.097331298650923, -946.1572862562778]",1.0
42,1.0
42,1.0
"[156896826.4632721, -1459.6122986633388, 3900.572345727228, 12541366923609.102, 1734.442734243474, -402.845544266392, 2020.7244367084377, 357.98684281950085, 529.4433204974412, -4861.996295983127, -552.0957493443398, -10.654981475504908, -575.4179764354781, -2.5955223243881527, -855.9494509472347]",1.0
42,1.0
"[156485157.80325782, -1204.8321995587057, 3015.5435533193777, 8870561763871.17, 1696.375190314703, -712.9431185105516, 919.8322919505414, -308.12453105034916, -3566.8345464622525, -5676.322990897091, 2398.5883946116555, -9.572083075130204, -339.89189819973217, -3.328026791074058, -963.6195512680376]",1.0
42,1.0
"[155500159.0458036, -1570.809186834801, 1288.6406984617884, 14325601132766.666, 1756.5069425528563, -1203.097720553843, 4404.534695311812, 866.6631702409022, -17027.480944851304, -6566.633513219406, 3580.580751378582, -6.875367043229543, -419.8436074732144, -11.704347776724882, -999.5424518024477]",1.0
42,1.0
"[155320956.51203144, -1514.1733550633614, 1635.8524812121123, 12203660635118.746, 1528.5690744406286, -1314.2170094294452, 6975.617055653531, 1446.8771475953358, -32535.338524861178, -6487.007342704681, 4384.891869179245, -8.112835982759, -410.00226898588346, -19.408651578956036, -946.1572862562778]",1.0
42,1.0
"[154516530.89434016, -1514.1733550633614, 2942.9812545402565, 13358835858717.52, 1566.1103332702394, -1063.9954530475065, 2078.567947519845, 930.3199714843256, -17027.480944851304, -5535.6851683939085, 3372.8418803377067, -13.329208573395686, -288.59197912226296, -9.855036512086198, -419.87816057074565]",1.0
42,1.0
"[154193595.28415486, -1173.8283491468178, 2080.1667432044305, 10245124886265.924, 1344.581026007027, -1203.097720553843, 4918.75971807313, 954.9143767337063, -20920.895129805594, -5676.322990897091, 2931.866836204224, -4.462261402957591, -475.4422651565906, -18.022046406581453, -448.12658134442665]",1.0
42,1.0
"[154193595.28415486, -1173.8283491468178, 2080.1667432044305, 10245124886265.924, 1344.581026007027, -1203.097720553843, 4918.75971807313, 954.9143767337063, -20920.895129805594, -5676.322990897091, 2931.866836204224, -4.462261402957591, -475.4422651565906, -18.022046406581453, -448.12658134442665]",1.0
42,1.0
"[154193595.28415486, -1521.5756744521261, 2813.06450496649, 13469742181786.14, 1543.2726120511718, -1153.6939140298086, 2086.4155987539834, 1007.968625940114, -19409.43557460834, -5627.084795367397, 3905.339669656106, -13.692021986529479, -249.67818636966197, -10.839937578345411, -360.71620182912034]",1.0
42,1.0
"[153456370.45321298, -1715.3155351453386, 3820.15810175799, 11381530186109.191, 1702.2475764592762, -891.2898548361029, 979.1091251608373, 278.3906187510507, -4324.468061689849, -4494.46815777633, 38.88859689716651, -9.821605653826982, -745.7200571186092, -10.097331298650923, -946.1572862562778]",1.0
42,1.0
42,1.0
"[156896826.4632721, -1459.6122986633388, 3900.572345727228, 12541366923609.102, 1734.442734243474, -402.845544266392, 2020.7244367084377, 357.98684281950085, 529.4433204974412, -4861.996295983127, -552.0957493443398, -10.654981475504908, -575.4179764354781, -2.5955223243881527, -855.9494509472347]",1.0
42,1.0
"[156485157.80325782, -1204.8321995587057, 3015.5435533193777, 8870561763871.17, 1696.375190314703, -712.9431185105516, 919.8322919505414, -308.12453105034916, -3566.8345464622525, -5676.322990897091, 2398.5883946116555, -9.572083075130204, -339.89189819973217, -3.328026791074058, -963.6195512680376]",1.0
42,1.0
"[155900517.18638188, -1419.8830580909557, 900.7779718841628, 14428587396028.893, 1753.4409679089308, -1137.0704119691684, 3108.812780143887, 536.3780090742093, -11281.589462717973, -7358.955898884279, 3225.0322281410263, -5.001905999180691, -423.73543731070026, -9.570616996045805, -903.5765204324985]",1.0
42,1.0
"[155707988.9591773, -918.5866813535008, 1677.8594689851234, 8989640675146.91, 1341.6448329347404, -1113.924352391067, 4889.1213014679815, 661.6568018330056, -20542.078372191794, -6267.250407457473, 4111.716735061472, -4.3375001136092015, -272.52818569715157, -14.63739415279301, -456.8577138503066]",1.0
42,1.0
"[155545210.8737135, -1277.2684905748447, 1991.7372828889113, 12688602012378.8, 1412.3774552726034, -1156.4416891132853, 2447.7277837861975, 1012.815682429676, -26141.65096778817, -7851.860897788332, 4542.229025143499, -12.207427857212696, -216.9581882843083, -13.716543143382367, -329.7560821426494]",1.0
42,1.0
"[155500159.0458036, -1570.809186834801, 1288.6406984617884, 14325601132766.666, 1756.5069425528563, -1203.097720553843, 4404.534695311812, 866.6631702409022, -17027.480944851304, -6566.633513219406, 3580.580751378582, -6.875367043229543, -419.8436074732144, -11.704347776724882, -999.5424518024477]",1.0
42,1.0
"[155320956.51203144, -1514.1733550633614, 1635.8524812121123, 12203660635118.746, 1528.5690744406286, -1314.2170094294452, 6975.617055653531, 1446.8771475953358, -32535.338524861178, -6487.007342704681, 4384.891869179245, -8.112835982759, -410.00226898588346, -19.408651578956036, -946.1572862562778]",1.0
42,1.0
"[154622622.8032972, -1569.7717991490927, 329.8866575793893, 13095777739697.531, 1539.6011785953199, -1714.3430975731717, 8167.522184955221, 1701.2153113060372, -41313.80065753557, -7339.325951322822, 6451.230119540711, -6.223028766621313, -332.2150845047514, -23.963064305124412, -1017.9537866838843]",1.0
42,1.0
"[154516530.89434016, -1514.1733550633614, 2942.9812545402565, 13358835858717.52, 1566.1103332702394, -1063.9954530475065, 2078.567947519845, 930.3199714843256, -17027.480944851304, -5535.6851683939085, 3372.8418803377067, -13.329208573395686, -288.59197912226296, -9.855036512086198, -419.87816057074565]",1.0
42,1.0
43,1.0
"[156896826.4632721, -1459.6122986633388, 3900.572345727228, 12541366923609.102, 1734.442734243474, -402.845544266392, 2020.7244367084377, 357.98684281950085, 529.4433204974412, -4861.996295983127, -552.0957493443398, -10.654981475504908, -575.4179764354781, -2.5955223243881527, -855.9494509472347]",1.0
43,1.0
"[156485157.80325782, -1204.8321995587057, 3015.5435533193777, 8870561763871.17, 1696.375190314703, -712.9431185105516, 919.8322919505414, -308.12453105034916, -3566.8345464622525, -5676.322990897091, 2398.5883946116555, -9.572083075130204, -339.89189819973217, -3.328026791074058, -963.6195512680376]",1.0
43,1.0
"[155900517.18638188, -1419.8830580909557, 900.7779718841628, 14428587396028.893, 1753.4409679089308, -1137.0704119691684, 3108.812780143887, 536.3780090742093, -11281.589462717973, -7358.955898884279, 3225.0322281410263, -5.001905999180691, -423.73543731070026, -9.570616996045805, -903.5765204324985]",1.0
43,1.0
"[155707988.9591773, -918.5866813535008, 1677.8594689851234, 8989640675146.91, 1341.6448329347404, -1113.924352391067, 4889.1213014679815, 661.6568018330056, -20542.078372191794, -6267.250407457473, 4111.716735061472, -4.3375001136092015, -272.52818569715157, -14.63739415279301, -456.8577138503066]",1.0
43,1.0
"[155545210.8737135, -1277.2684905748447, 1991.7372828889113, 12688602012378.8, 1412.3774552726034, -1156.4416891132853, 2447.7277837861975, 1012.815682429676, -26141.65096778817, -7851.860897788332, 4542.229025143499, -12.207427857212696, -216.9581882843083, -13.716543143382367, -329.7560821426494]",1.0
43,1.0
"[155500159.0458036, -1570.809186834801, 1288.6406984617884, 14325601132766.666, 1756.5069425528563, -1203.097720553843, 4404.534695311812, 866.6631702409022, -17027.480944851304, -6566.633513219406, 3580.580751378582, -6.875367043229543, -419.8436074732144, -11.704347776724882, -999.5424518024477]",1.0
43,1.0
"[155320956.51203144, -1514.1733550633614, 1635.8524812121123, 12203660635118.746, 1528.5690744406286, -1314.2170094294452, 6975.617055653531, 1446.8771475953358, -32535.338524861178, -6487.007342704681, 4384.891869179245, -8.112835982759, -410.00226898588346, -19.408651578956036, -946.1572862562778]",1.0
43,1.0
"[154622622.8032972, -1569.7717991490927, 329.8866575793893, 13095777739697.531, 1539.6011785953199, -1714.3430975731717, 8167.522184955221, 1701.2153113060372, -41313.80065753557, -7339.325951322822, 6451.230119540711, -6.223028766621313, -332.2150845047514, -23.963064305124412, -1017.9537866838843]",1.0
43,1.0
"[154516530.89434016, -1514.1733550633614, 2942.9812545402565, 13358835858717.52, 1566.1103332702394, -1063.9954530475065, 2078.567947519845, 930.3199714843256, -17027.480944851304, -5535.6851683939085, 3372.8418803377067, -13.329208573395686, -288.59197912226296, -9.855036512086198, -419.87816057074565]",1.0
43,1.0
43,1.0
"[156896826.4632721, -1459.6122986633388, 3900.572345727228, 12541366923609.102, 1734.442734243474, -402.845544266392, 2020.7244367084377, 357.98684281950085, 529.4433204974412, -4861.996295983127, -552.0957493443398, -10.654981475504908, -575.4179764354781, -2.5955223243881527, -855.9494509472347]",1.0
43,1.0
"[156485157.80325782, -1204.8321995587057, 3015.5435533193777, 8870561763871.17, 1696.375190314703, -712.9431185105516, 919.8322919505414, -308.12453105034916, -3566.8345464622525, -5676.322990897091, 2398.5883946116555, -9.572083075130204, -339.89189819973217, -3.328026791074058, -963.6195512680376]",1.0
43,1.0
"[156008715.79473373, -1486.8467471847812, 2652.9202388501612, 9746597990081.838, 1357.449222585633, -1286.7130988841218, 4039.365786757511, 26.387067780726454, -22569.74243018813, -7144.9269389668625, 3891.2430400266167, -14.316691444453877, -485.63860451996237, -15.432032897904897, -830.4276644420563]",1.0
43,1.0
"[155900517.18638188, -1419.8830580909557, 900.7779718841628, 14428587396028.893, 1753.4409679089308, -1137.0704119691684, 3108.812780143887, 536.3780090742093, -11281.589462717973, -7358.955898884279, 3225.0322281410263, -5.001905999180691, -423.73543731070026, -9.570616996045805, -903.5765204324985]",1.0
43,1.0
"[155900517.18638188, -1419.8830580909557, 900.7779718841628, 14428587396028.893, 1753.4409679089308, -1137.0704119691684, 3108.812780143887, 536.3780090742093, -11281.589462717973, -7358.955898884279, 3225.0322281410263, -5.001905999180691, -423.73543731070026, -9.570616996045805, -903.5765204324985]",1.0
43,1.0
"[155859546.2543593, -1543.3991614504478, 1384.1694324394257, 13360805780600.047, 1533.5623679395178, -1396.0735688975242, 3074.2630963038027, 930.3199714843256, -44418.08678487319, -7950.13540881305, 4148.36829046287, -13.73723705444601, -535.5513525248631, -19.33256041838022, -894.6494279878282]",1.0
43,1.0
"[155707988.9591773, -918.5866813535008, 1677.8594689851234, 8989640675146.91, 1341.6448329347404, -1113.924352391067, 4889.1213014679815, 661.6568018330056, -20542.078372191794, -6267.250407457473, 4111.716735061472, -4.3375001136092015, -272.52818569715157, -14.63739415279301, -456.8577138503066]",1.0
43,1.0
"[155707988.9591773, -918.5866813535008, 1677.8594689851234, 8989640675146.91, 1341.6448329347404, -1113.924352391067, 4889.1213014679815, 661.6568018330056, -20542.078372191794, -6267.250407457473, 4111.716735061472, -4.3375001136092015, -272.52818569715157, -14.63739415279301, -456.8577138503066]",1.0
43,1.0
"[155707988.9591773, -1762.8643986566215, 763.5119455989076, 12622001951942.947, 1409.6792944398535, -1196.9213537894245, 1511.315115853262, 1112.3655487642602, -32049.107532196773, -3926.523100566318, 3208.5565032750133, -5.259724389369161, -403.29068179257257, -5.8372204859035905, -922.1457749275393]",1.0
43,1.0
43,1.0
"[156896826.4632721, -1459.6122986633388, 3900.572345727228, 12541366923609.102, 1734.442734243474, -402.845544266392, 2020.7244367084377, 357.98684281950085, 529.4433204974412, -4861.996295983127, -552.0957493443398, -10.654981475504908, -575.4179764354781, -2.5955223243881527, -855.9494509472347]",1.0
43,1.0
"[156485157.80325782, -1204.8321995587057, 3015.5435533193777, 8870561763871.17, 1696.375190314703, -712.9431185105516, 919.8322919505414, -308.12453105034916, -3566.8345464622525, -5676.322990897091, 2398.5883946116555, -9.572083075130204, -339.89189819973217, -3.328026791074058, -963.6195512680376]",1.0
43,1.0
"[156008715.79473373, -1486.8467471847812, 2652.9202388501612, 9746597990081.838, 1357.449222585633, -1286.7130988841218, 4039.365786757511, 26.387067780726454, -22569.74243018813, -7144.9269389668625, 3891.2430400266167, -14.316691444453877, -485.63860451996237, -15.432032897904897, -830.4276644420563]",1.0
43,1.0
"[155900517.18638188, -1419.8830580909557, 900.7779718841628, 14428587396028.893, 1753.4409679089308, -1137.0704119691684, 3108.812780143887, 536.3780090742093, -11281.589462717973, -7358.955898884279, 3225.0322281410263, -5.001905999180691, -423.73543731070026, -9.570616996045805, -903.5765204324985]",1.0
43,1.0
"[155900517.18638188, -1419.8830580909557, 900.7779718841628, 14428587396028.893, 1753.4409679089308, -1137.0704119691684, 3108.812780143887, 536.3780090742093, -11281.589462717973, -7358.955898884279, 3225.0322281410263, -5.001905999180691, -423.73543731070026, -9.570616996045805, -903.5765204324985]",1.0
43,1.0
"[155859546.2543593, -1543.3991614504478, 1384.1694324394257, 13360805780600.047, 1533.5623679395178, -1396.0735688975242, 3074.2630963038027, 930.3199714843256, -44418.08678487319, -7950.13540881305, 4148.36829046287, -13.73723705444601, -535.5513525248631, -19.33256041838022, -894.6494279878282]",1.0
43,1.0
"[155707988.9591773, -918.5866813535008, 1677.8594689851234, 8989640675146.91, 1341.6448329347404, -1113.924352391067, 4889.1213014679815, 661.6568018330056, -20542.078372191794, -6267.250407457473, 4111.716735061472, -4.3375001136092015, -272.52818569715157, -14.63739415279301, -456.8577138503066]",1.0
43,1.0
"[155707988.9591773, -918.5866813535008, 1677.8594689851234, 8989640675146.91, 1341.6448329347404, -1113.924352391067, 4889.1213014679815, 661.6568018330056, -20542.078372191794, -6267.250407457473, 4111.716735061472, -4.3375001136092015, -272.52818569715157, -14.63739415279301, -456.8577138503066]",1.0
43,1.0
"[155707988.9591773, -1762.8643986566215, 763.5119455989076, 12622001951942.947, 1409.6792944398535, -1196.9213537894245, 1511.315115853262, 1112.3655487642602, -32049.107532196773, -3926.523100566318, 3208.5565032750133, -5.259724389369161, -403.29068179257257, -5.8372204859035905, -922.1457749275393]",1.0
43,1.0
44,1.0
"[156896826.4632721, -1459.6122986633388, 3900.572345727228, 12541366923609.102, 1734.442734243474, -402.845544266392, 2020.7244367084377, 357.98684281950085, 529.4433204974412, -4861.996295983127, -552.0957493443398, -10.654981475504908, -575.4179764354781, -2.5955223243881527, -855.9494509472347]",1.0
44,1.0
"[156485157.80325782, -1204.8321995587057, 3015.5435533193777, 8870561763871.17, 1696.375190314703, -712.9431185105516, 919.8322919505414, -308.12453105034916, -3566.8345464622525, -5676.322990897091, 2398.5883946116555, -9.572083075130204, -339.89189819973217, -3.328026791074058, -963.6195512680376]",1.0
44,1.0
"[156008715.79473373, -1486.8467471847812, 2652.9202388501612, 9746597990081.838, 1357.449222585633, -1286.7130988841218, 4039.365786757511, 26.387067780726454, -22569.74243018813, -7144.9269389668625, 3891.2430400266167, -14.316691444453877, -485.63860451996237, -15.432032897904897, -830.4276644420563]",1.0
44,1.0
"[155900517.18638188, -1419.8830580909557, 900.7779718841628, 14428587396028.893, 1753.4409679089308, -1137.0704119691684, 3108.812780143887, 536.3780090742093, -11281.589462717973, -7358.955898884279, 3225.0322281410263, -5.001905999180691, -423.73543731070026, -9.570616996045805, -903.5765204324985]",1.0
44,1.0
"[155900517.18638188, -1419.8830580909557, 900.7779718841628, 14428587396028.893, 1753.4409679089308, -1137.0704119691684, 3108.812780143887, 536.3780090742093, -11281.589462717973, -7358.955898884279, 3225.0322281410263, -5.001905999180691, -423.73543731070026, -9.570616996045805, -903.5765204324985]",1.0
44,1.0
"[155859546.2543593, -1543.3991614504478, 1384.1694324394257, 13360805780600.047, 1533.5623679395178, -1396.0735688975242, 3074.2630963038027, 930.3199714843256, -44418.08678487319, -7950.13540881305, 4148.36829046287, -13.73723705444601, -535.5513525248631, -19.33256041838022, -894.6494279878282]",1.0
44,1.0
"[155707988.9591773, -918.5866813535008, 1677.8594689851234, 8989640675146.91, 1341.6448329347404, -1113.924352391067, 4889.1213014679815, 661.6568018330056, -20542.078372191794, -6267.250407457473, 4111.716735061472, -4.3375001136092015, -272.52818569715157, -14.63739415279301, -456.8577138503066]",1.0
44,1.0
"[155707988.9591773, -918.5866813535008, 1677.8594689851234, 8989640675146.91, 1341.6448329347404, -1113.924352391067, 4889.1213014679815, 661.6568018330056, -20542.078372191794, -6267.250407457473, 4111.716735061472, -4.3375001136092015, -272.52818569715157, -14.63739415279301, -456.8577138503066]",1.0
44,1.0
"[155707988.9591773, -1762.8643986566215, 763.5119455989076, 12622001951942.947, 1409.6792944398535, -1196.9213537894245, 1511.315115853262, 1112.3655487642602, -32049.107532196773, -3926.523100566318, 3208.5565032750133, -5.259724389369161, -403.29068179257257, -5.8372204859035905, -922.1457749275393]",1.0
44,1.0
44,1.0
"[156896826.4632721, -1459.6122986633388, 3900.572345727228, 12541366923609.102, 1734.442734243474, -402.845544266392, 2020.7244367084377, 357.98684281950085, 529.4433204974412, -4861.996295983127, -552.0957493443398, -10.654981475504908, -575.4179764354781, -2.5955223243881527, -855.9494509472347]",1.0
44,1.0
"[156485157.80325782, -1204.8321995587057, 3015.5435533193777, 8870561763871.17, 1696.375190314703, -712.9431185105516, 919.8322919505414, -308.12453105034916, -3566.8345464622525, -5676.322990897091, 2398.5883946116555, -9.572083075130204, -339.89189819973217, -3.328026791074058, -963.6195512680376]",1.0
44,1.0
"[156366479.62940428, -1901.0118694937323, 3222.7492667276615, 14379281353361.059, 1640.8255354195244, -1281.5061936776494, 3759.3275574847876, 739.2840403413991, -10235.376710780407, -5159.957659448545, 2083.1914487153745, -12.22029077028653, -348.6743376580671, -2.1152628960996616, -417.72430069611346]",1.0
44,1.0
"[156008715.79473373, -1486.8467471847812, 2652.9202388501612, 9746597990081.838, 1357.449222585633, -1286.7130988841218, 4039.365786757511, 26.387067780726454, -22569.74243018813, -7144.9269389668625, 3891.2430400266167, -14.316691444453877, -485.63860451996237, -15.432032897904897, -830.4276644420563]",1.0
44,1.0
"[155922827.9123474, -694.9556591857197, 3016.0839470507763, 6119637618442.074, 1708.9853825321925, -1163.7702404899283, 2132.2967572954194, 614.9379963369195, -20542.078372191794, -5780.23468924529, 4523.62194124961, -7.040686685436523, -603.0333137904508, -6.950378028888962, -663.8477960243887]",1.0
44,1.0
"[155900517.18638188, -1419.8830580909557, 900.7779718841628, 14428587396028.893, 1753.4409679089308, -1137.0704119691684, 3108.812780143887, 536.3780090742093, -11281.589462717973, -7358.955898884279, 3225.0322281410263, -5.001905999180691, -423.73543731070026, -9.570616996045805, -903.5765204324985]",1.0
44,1.0
"[155900517.18638188, -1419.8830580909557, 900.7779718841628, 14428587396028.893, 1753.4409679089308, -1137.0704119691684, 3108.812780143887, 536.3780090742093, -11281.589462717973, -7358.955898884279, 3225.0322281410263, -5.001905999180691, -423.73543731070026, -9.570616996045805, -903.5765204324985]",1.0
44,1.0
"[155900517.18638188, -1419.8830580909557, 900.7779718841628, 14428587396028.893, 1753.4409679089308, -1137.0704119691684, 3108.812780143887, 536.3780090742093, -11281.589462717973, -7358.955898884279, 3225.0322281410263, -5.001905999180691, -423.73543731070026, -9.570616996045805, -903.5765204324985]",1.0
44,1.0
"[155891636.57265615, -1639.3345113618502, 1081.1113714541593, 15363927897259.094, 1538.1280612787589, -1329.8296580842261, 4050.77911915227, 175.6144993860243, -41958.07390409533, -5486.6552222090395, 3593.71328755596, -6.454095542291831, -563.8338924293681, -20.451925282821605, -830.4276644420563]",1.0
44,1.0
44,1.0
"[156896826.4632721, -1459.6122986633388, 3900.572345727228, 12541366923609.102, 1734.442734243474, -402.845544266392, 2020.7244367084377, 357.98684281950085, 529.4433204974412, -4861.996295983127, -552.0957493443398, -10.654981475504908, -575.4179764354781, -2.5955223243881527, -855.9494509472347]",1.0
44,1.0
"[156631634.58113268, -869.0403255931733, 2246.287454120807, 7297259812368.655, 1542.251251807452, -692.8052590228874, 1439.6384994805007, -245.8920499404876, -10236.822033043367, -7047.862431612155, 2984.790135956877, -6.609327057612438, -356.8300926056745, -9.310312384441144, -954.914589261369]",1.0
44,1.0
"[156485157.80325782, -1204.8321995587057, 3015.5435533193777, 8870561763871.17, 1696.375190314703, -712.9431185105516, 919.8322919505414, -308.12453105034916, -3566.8345464622525, -5676.322990897091, 2398.5883946116555, -9.572083075130204, -339.89189819973217, -3.328026791074058, -963.6195512680376]",1.0
44,1.0
"[156366479.62940428, -1901.0118694937323, 3222.7492667276615, 14379281353361.059, 1640.8255354195244, -1281.5061936776494, 3759.3275574847876, 739.2840403413991, -10235.376710780407, -5159.957659448545, 2083.1914487153745, -12.22029077028653, -348.6743376580671, -2.1152628960996616, -417.72430069611346]",1.0
44,1.0
"[156014216.17545885, -1276.3694223688153, 188.7501303447507, 14376741676856.219, 1583.9747402778532, -1273.9642946373442, 4412.860715399582, 887.8948280146043, -19793.3652036538, -8587.880120412956, 3724.124317016874, -2.770559892232095, -443.0992584039107, -15.217948675644287, -744.1004549616898]",1.0
44,1.0
"[156008715.79473373, -1486.8467471847812, 2652.9202388501612, 9746597990081.838, 1357.449222585633, -1286.7130988841218, 4039.365786757511, 26.387067780726454, -22569.74243018813, -7144.9269389668625, 3891.2430400266167, -14.316691444453877, -485.63860451996237, -15.432032897904897, -830.4276644420563]",1.0
44,1.0
"[155922827.9123474, -694.9556591857197, 3016.0839470507763, 6119637618442.074, 1708.9853825321925, -1163.7702404899283, 2132.2967572954194, 614.9379963369195, -20542.078372191794, -5780.23468924529, 4523.62194124961, -7.040686685436523, -603.0333137904508, -6.950378028888962, -663.8477960243887]",1.0
44,1.0
"[155900517.18638188, -1419.8830580909557, 900.7779718841628, 14428587396028.893, 1753.4409679089308, -1137.0704119691684, 3108.812780143887, 536.3780090742093, -11281.589462717973, -7358.955898884279, 3225.0322281410263, -5.001905999180691, -423.73543731070026, -9.570616996045805, -903.5765204324985]",1.0
44,1.0
"[155900517.18638188, -1419.8830580909557, 900.7779718841628, 14428587396028.893, 1753.4409679089308, -1137.0704119691684, 3108.812780143887, 536.3780090742093, -11281.589462717973, -7358.955898884279, 3225.0322281410263, -5.001905999180691, -423.73543731070026, -9.570616996045805, -903.5765204324985]",1.0
44,1.0
45,1.0
"[156896826.4632721, -1459.6122986633388, 3900.572345727228, 12541366923609.102, 1734.442734243474, -402.845544266392, 2020.7244367084377, 357.98684281950085, 529.4433204974412, -4861.996295983127, -552.0957493443398, -10.654981475504908, -575.4179764354781, -2.5955223243881527, -855.9494509472347]",1.0
45,1.0
"[156631634.58113268, -869.0403255931733, 2246.287454120807, 7297259812368.655, 1542.251251807452, -692.8052590228874, 1439.6384994805007, -245.8920499404876, -10236.822033043367, -7047.862431612155, 2984.790135956877, -6.609327057612438, -356.8300926056745, -9.310312384441144, -954.914589261369]",1.0
45,1.0
"[156485157.80325782, -1204.8321995587057, 3015.5435533193777, 8870561763871.17, 1696.375190314703, -712.9431185105516, 919.8322919505414, -308.12453105034916, -3566.8345464622525, -5676.322990897091, 2398.5883946116555, -9.572083075130204, -339.89189819973217, -3.328026791074058, -963.6195512680376]",1.0
45,1.0
"[156366479.62940428, -1901.0118694937323, 3222.7492667276615, 14379281353361.059, 1640.8255354195244, -1281.5061936776494, 3759.3275574847876, 739.2840403413991, -10235.376710780407, -5159.957659448545, 2083.1914487153745, -12.22029077028653, -348.6743376580671, -2.1152628960996616, -417.72430069611346]",1.0
45,1.0
"[156014216.17545885, -1276.3694223688153, 188.7501303447507, 14376741676856.219, 1583.9747402778532, -1273.9642946373442, 4412.860715399582, 887.8948280146043, -19793.3652036538, -8587.880120412956, 3724.124317016874, -2.770559892232095, -443.0992584039107, -15.217948675644287, -744.1004549616898]",1.0
45,1.0
"[156008715.79473373, -1486.8467471847812, 2652.9202388501612, 9746597990081.838, 1357.449222585633, -1286.7130988841218, 4039.365786757511, 26.387067780726454, -22569.74243018813, -7144.9269389668625, 3891.2430400266167, -14.316691444453877, -485.63860451996237, -15.432032897904897, -830.4276644420563]",1.0
45,1.0
"[155922827.9123474, -694.9556591857197, 3016.0839470507763, 6119637618442.074, 1708.9853825321925, -1163.7702404899283, 2132.2967572954194, 614.9379963369195, -20542.078372191794, -5780.23468924529, 4523.62194124961, -7.040686685436523, -603.0333137904508, -6.950378028888962, -663.8477960243887]",1.0
45,1.0
"[155900517.18638188, -1419.8830580909557, 900.7779718841628, 14428587396028.893, 1753.4409679089308, -1137.0704119691684, 3108.812780143887, 536.3780090742093, -11281.589462717973, -7358.955898884279, 3225.0322281410263, -5.001905999180691, -423.73543731070026, -9.570616996045805, -903.5765204324985]",1.0
45,1.0
"[155900517.18638188, -1419.8830580909557, 900.7779718841628, 14428587396028.893, 1753.4409679089308, -1137.0704119691684, 3108.812780143887, 536.3780090742093, -11281.589462717973, -7358.955898884279, 3225.0322281410263, -5.001905999180691, -423.73543731070026, -9.570616996045805, -903.5765204324985]",1.0
45,1.0
45,1.0
"[156896826.4632721, -1459.6122986633388, 3900.572345727228, 12541366923609.102, 1734.442734243474, -402.845544266392, 2020.7244367084377, 357.98684281950085, 529.4433204974412, -4861.996295983127, -552.0957493443398, -10.654981475504908, -575.4179764354781, -2.5955223243881527, -855.9494509472347]",1.0
45,1.0
"[156827009.497755, -1228.1271403189348, 259.0620759450641, 10229796400322.156, 1581.8807890389355, -1273.9642946373442, 5488.401815397456, 455.9550308999841, -28117.23389766008, -9163.352263017876, 3979.1931758626047, -12.22029077028653, -288.97962648504136, -4.431852834360524, -967.4533496529292]",1.0
45,1.0
"[156704345.46601656, -1156.436308135973, 3088.443190386138, 7662042176330.386, 1794.0171183299415, -1281.5061936776494, 3108.812780143887, -48.757598063619696, -732.4039791611544, -10207.776654041181, 3787.372760862369, -12.333854654739936, -432.714319313871, -9.639147291715979, -602.674572878457]",1.0
45,1.0
"[156663013.90679228, -1015.0383047951921, 2368.251230857246, 8505779399909.439, 1857.9133414350015, -713.3718363444855, 3092.578476580317, -337.94966717002944, -25193.327955413348, -3476.17690865656, 3633.077346082456, -7.956281271139156, -529.1875346373747, 3.4607179033379145, -903.5222240015288]",1.0
45,1.0
"[156631634.58113268, -869.0403255931733, 2246.287454120807, 7297259812368.655, 1542.251251807452, -692.8052590228874, 1439.6384994805007, -245.8920499404876, -10236.822033043367, -7047.862431612155, 2984.790135956877, -6.609327057612438, -356.8300926056745, -9.310312384441144, -954.914589261369]",1.0
45,1.0
"[156485157.80325782, -1204.8321995587057, 3015.5435533193777, 8870561763871.17, 1696.375190314703, -712.9431185105516, 919.8322919505414, -308.12453105034916, -3566.8345464622525, -5676.322990897091, 2398.5883946116555, -9.572083075130204, -339.89189819973217, -3.328026791074058, -963.6195512680376]",1.0
45,1.0
"[156485157.80325782, -1204.8321995587057, 3015.5435533193777, 8870561763871.17, 1696.375190314703, -712.9431185105516, 919.8322919505414, -308.12453105034916, -3566.8345464622525, -5676.322990897091, 2398.5883946116555, -9.572083075130204, -339.89189819973217, -3.328026791074058, -963.6195512680376]",1.0
45,1.0
"[156366479.62940428, -1901.0118694937323, 3222.7492667276615, 14379281353361.059, 1640.8255354195244, -1281.5061936776494, 3759.3275574847876, 739.2840403413991, -10235.376710780407, -5159.957659448545, 2083.1914487153745, -12.22029077028653, -348.6743376580671, -2.1152628960996616, -417.72430069611346]",1.0
45,1.0
"[156366479.62940428, -1901.0118694937323, 3222.7492667276615, 14379281353361.059, 1640.8255354195244, -1281.5061936776494, 3759.3275574847876, 739.2840403413991, -10235.376710780407, -5159.957659448545, 2083.1914487153745, -12.22029077028653, -348.6743376580671, -2.1152628960996616, -417.72430069611346]",1.0
45,1.0
45,1.0
"[156896826.4632721, -1459.6122986633388, 3900.572345727228, 12541366923609.102, 1734.442734243474, -402.845544266392, 2020.7244367084377, 357.98684281950085, 529.4433204974412, -4861.996295983127, -552.0957493443398, -10.654981475504908, -575.4179764354781, -2.5955223243881527, -855.9494509472347]",1.0
45,1.0
"[156849582.17598274, -823.487237875865, 2325.6995897283946, 6102059750892.228, 1641.1979883587303, -1261.5388206907298, 3624.2183242646397, 12.948024769989928, -7345.9235562658905, -11567.70468391966, 4368.611736245619, -9.396181238791419, -449.50911548550897, -15.570787038741116, -594.043306813134]",1.0
45,1.0
"[156827009.497755, -1228.1271403189348, 259.0620759450641, 10229796400322.156, 1581.8807890389355, -1273.9642946373442, 5488.401815397456, 455.9550308999841, -28117.23389766008, -9163.352263017876, 3979.1931758626047, -12.22029077028653, -288.97962648504136, -4.431852834360524, -967.4533496529292]",1.0
45,1.0
"[156704345.46601656, -1156.436308135973, 3088.443190386138, 7662042176330.386, 1794.0171183299415, -1281.5061936776494, 3108.812780143887, -48.757598063619696, -732.4039791611544, -10207.776654041181, 3787.372760862369, -12.333854654739936, -432.714319313871, -9.639147291715979, -602.674572878457]",1.0
45,1.0
"[156663013.90679228, -1015.0383047951921, 2368.251230857246, 8505779399909.439, 1857.9133414350015, -713.3718363444855, 3092.578476580317, -337.94966717002944, -25193.327955413348, -3476.17690865656, 3633.077346082456, -7.956281271139156, -529.1875346373747, 3.4607179033379145, -903.5222240015288]",1.0
45,1.0
"[156631634.58113268, -869.0403255931733, 2246.287454120807, 7297259812368.655, 1542.251251807452, -692.8052590228874, 1439.6384994805007, -245.8920499404876, -10236.822033043367, -7047.862431612155, 2984.790135956877, -6.609327057612438, -356.8300926056745, -9.310312384441144, -954.914589261369]",1.0
45,1.0
"[156485157.80325782, -992.7614250741237, 2067.176531069613, 7813896465886.745, 1517.9187734113175, -933.5990013778184, 1911.3583313270756, -141.9997867080299, -13128.325045385369, -7117.848430929127, 3701.5068786116485, -7.063073238438989, -294.5924232288037, -9.128146380269346, -834.9793118621319]",1.0
45,1.0
"[156485157.80325782, -1204.8321995587057, 3015.5435533193777, 8870561763871.17, 1696.375190314703, -712.9431185105516, 919.8322919505414, -308.12453105034916, -3566.8345464622525, -5676.322990897091, 2398.5883946116555, -9.572083075130204, -339.89189819973217, -3.328026791074058, -963.6195512680376]",1.0
45,1.0
"[156485157.80325782, -1204.8321995587057, 3015.5435533193777, 8870561763871.17, 1696.375190314703, -712.9431185105516, 919.8322919505414, -308.12453105034916, -3566.8345464622525, -5676.322990897091, 2398.5883946116555, -9.572083075130204, -339.89189819973217, -3.328026791074058, -963.6195512680376]",1.0
45,1.0
46,1.0
"[156896826.4632721, -1459.6122986633388, 3900.572345727228, 12541366923609.102, 1734.442734243474, -402.845544266392, 2020.7244367084377, 357.98684281950085, 529.4433204974412, -4861.996295983127, -552.0957493443398, -10.654981475504908, -575.4179764354781, -2.5955223243881527, -855.9494509472347]",1.0
46,1.0
"[156849582.17598274, -823.487237875865, 2325.6995897283946, 6102059750892.228, 1641.1979883587303, -1261.5388206907298, 3624.2183242646397, 12.948024769989928, -7345.9235562658905, -11567.70468391966, 4368.611736245619, -9.396181238791419, -449.50911548550897, -15.570787038741116, -594.043306813134]",1.0
46,1.0
"[156827009.497755, -1228.1271403189348, 259.0620759450641, 10229796400322.156, 1581.8807890389355, -1273.9642946373442, 5488.401815397456, 455.9550308999841, -28117.23389766008, -9163.352263017876, 3979.1931758626047, -12.22029077028653, -288.97962648504136, -4.431852834360524, -967.4533496529292]",1.0
46,1.0
"[156704345.46601656, -1156.436308135973, 3088.443190386138, 7662042176330.386, 1794.0171183299415, -1281.5061936776494, 3108.812780143887, -48.757598063619696, -732.4039791611544, -10207.776654041181, 3787.372760862369, -12.333854654739936, -432.714319313871, -9.639147291715979, -602.674572878457]",1.0
46,1.0
"[156663013.90679228, -1015.0383047951921, 2368.251230857246, 8505779399909.439, 1857.9133414350015, -713.3718363444855, 3092.578476580317, -337.94966717002944, -25193.327955413348, -3476.17690865656, 3633.077346082456, -7.956281271139156, -529.1875346373747, 3.4607179033379145, -903.5222240015288]",1.0
46,1.0
"[156631634.58113268, -869.0403255931733, 2246.287454120807, 7297259812368.655, 1542.251251807452, -692.8052590228874, 1439.6384994805007, -245.8920499404876, -10236.822033043367, -7047.862431612155, 2984.790135956877, -6.609327057612438, -356.8300926056745, -9.310312384441144, -954.914589261369]",1.0
46,1.0
"[156485157.80325782, -992.7614250741237, 2067.176531069613, 7813896465886.745, 1517.9187734113175, -933.5990013778184, 1911.3583313270756, -141.9997867080299, -13128.325045385369, -7117.848430929127, 3701.5068786116485, -7.063073238438989, -294.5924232288037, -9.128146380269346, -834.9793118621319]",1.0
46,1.0
"[156485157.80325782, -1204.8321995587057, 3015.5435533193777, 8870561763871.17, 1696.375190314703, -712.9431185105516, 919.8322919505414, -308.12453105034916, -3566.8345464622525, -5676.322990897091, 2398.5883946116555, -9.572083075130204, -339.89189819973217, -3.328026791074058, -963.6195512680376]",1.0
46,1.0
"[156485157.80325782, -1204.8321995587057, 3015.5435533193777, 8870561763871.17, 1696.375190314703, -712.9431185105516, 919.8322919505414, -308.12453105034916, -3566.8345464622525, -5676.322990897091, 2398.5883946116555, -9.572083075130204, -339.89189819973217, -3.328026791074058, -963.6195512680376]",1.0
46,1.0
46,1.0
"[156896826.4632721, -685.2139813922563, 437.5122990492773, 8682844547451.247, 1082.7907124498909, -1208.593270720796, 5641.384088137556, 964.6084897128303, -34385.325916165224, -10125.875195738949, 4205.645547179006, -1.4930731443240326, -410.00226898588346, -23.77525753665535, -386.20634197148496]",1.0
46,1.0
"[156896826.4632721, -826.5370800510175, 4463.638017350019, 8870561763871.17, 1438.9574532644112, -1458.2265122007777, 2705.4581542083006, 564.1759461555789, -18454.53590140872, -5409.646019478476, 2972.5971606911, -7.998993070669816, -183.97246080589173, 3.606612197489549, -1156.5819459373947]",1.0
46,1.0
"[156896826.4632721, -1302.6260883212926, 1567.449089288736, 10063586495018.055, 1642.7457135266516, -1723.278582817849, 4216.854510829713, 993.8144006296689, -47779.31739544515, -9910.56311254649, 4132.8195573467165, -16.82759976427753, -336.8082629458522, -9.649080173418742, -1259.5997487627112]",1.0
46,1.0
"[156896826.4632721, -1459.6122986633388, 3900.572345727228, 12541366923609.102, 1734.442734243474, -402.845544266392, 2020.7244367084377, 357.98684281950085, 529.4433204974412, -4861.996295983127, -552.0957493443398, -10.654981475504908, -575.4179764354781, -2.5955223243881527, -855.9494509472347]",1.0
46,1.0
"[156849582.17598274, -823.487237875865, 2325.6995897283946, 6102059750892.228, 1641.1979883587303, -1261.5388206907298, 3624.2183242646397, 12.948024769989928, -7345.9235562658905, -11567.70468391966, 4368.611736245619, -9.396181238791419, -449.50911548550897, -15.570787038741116, -594.043306813134]",1.0
46,1.0
"[156838593.2969055, -586.1274226103303, 3836.9722380989324, 7400129142831.231, 1734.442734243474, -1493.7636428200688, 3108.812780143887, -245.8920499404876, -39727.22887319149, -3145.5903376945794, 2398.5883946116555, -3.369217036188135, -583.5280572147574, -14.430279083983194, -956.6478646827514]",1.0
46,1.0
"[156827009.497755, -1228.1271403189348, 259.0620759450641, 10229796400322.156, 1581.8807890389355, -1273.9642946373442, 5488.401815397456, 455.9550308999841, -28117.23389766008, -9163.352263017876, 3979.1931758626047, -12.22029077028653, -288.97962648504136, -4.431852834360524, -967.4533496529292]",1.0
46,1.0
"[156814857.67700863, -574.4727964689765, 2451.9487360261355, 7663556280767.1, 1347.886998963329, -875.2040254453689, 5763.905525661547, 454.0474913096104, -30152.77014930467, -2321.435131114165, 2802.3462501982262, -7.956281271139156, -401.0738191534565, -31.062658798025254, -492.47214294902676]",1.0
46,1.0
"[156704345.46601656, -1156.436308135973, 3088.443190386138, 7662042176330.386, 1794.0171183299415, -1281.5061936776494, 3108.812780143887, -48.757598063619696, -732.4039791611544, -10207.776654041181, 3787.372760862369, -12.333854654739936, -432.714319313871, -9.639147291715979, -602.674572878457]",1.0
46,1.0
46,1.0
"[156937810.85640383, -1428.6582301123203, 2573.2937299507353, 10667089236570.125, 1688.2809406771953, -2014.78982619557, 2687.630825103003, 1048.8786280526563, -41930.20027149684, -11454.668556728733, 4217.945012593158, -16.84895566404286, -228.25758377206367, 7.685555324339642, -1591.654650256914]",1.0
46,1.0
"[156896826.4632721, -685.2139813922563, 437.5122990492773, 8682844547451.247, 1082.7907124498909, -1208.593270720796, 5641.384088137556, 964.6084897128303, -34385.325916165224, -10125.875195738949, 4205.645547179006, -1.4930731443240326, -410.00226898588346, -23.77525753665535, -386.20634197148496]",1.0
46,1.0
"[156896826.4632721, -826.5370800510175, 4463.638017350019, 8870561763871.17, 1438.9574532644112, -1458.2265122007777, 2705.4581542083006, 564.1759461555789, -18454.53590140872, -5409.646019478476, 2972.5971606911, -7.998993070669816, -183.97246080589173, 3.606612197489549, -1156.5819459373947]",1.0
46,1.0
"[156896826.4632721, -1302.6260883212926, 1567.449089288736, 10063586495018.055, 1642.7457135266516, -1723.278582817849, 4216.854510829713, 993.8144006296689, -47779.31739544515, -9910.56311254649, 4132.8195573467165, -16.82759976427753, -336.8082629458522, -9.649080173418742, -1259.5997487627112]",1.0
46,1.0
"[156896826.4632721, -1459.6122986633388, 3900.572345727228, 12541366923609.102, 1734.442734243474, -402.845544266392, 2020.7244367084377, 357.98684281950085, 529.4433204974412, -4861.996295983127, -552.0957493443398, -10.654981475504908, -575.4179764354781, -2.5955223243881527, -855.9494509472347]",1.0
46,1.0
"[156884490.6587413, -860.7367118770461, 2979.8930964002675, 6018954798240.172, 1671.6304506025901, -1486.195964780995, 2988.444671980732, 281.87770963484763, -17176.965305158985, -11941.310108683987, 4445.424926987679, -11.69983573578705, -473.42343371591573, -18.179400708270375, -740.1165063680332]",1.0
46,1.0
"[156849582.17598274, -823.487237875865, 2325.6995897283946, 6102059750892.228, 1641.1979883587303, -1261.5388206907298, 3624.2183242646397, 12.948024769989928, -7345.9235562658905, -11567.70468391966, 4368.611736245619, -9.396181238791419, -449.50911548550897, -15.570787038741116, -594.043306813134]",1.0
46,1.0
"[156838593.2969055, -586.1274226103303, 3836.9722380989324, 7400129142831.231, 1734.442734243474, -1493.7636428200688, 3108.812780143887, -245.8920499404876, -39727.22887319149, -3145.5903376945794, 2398.5883946116555, -3.369217036188135, -583.5280572147574, -14.430279083983194, -956.6478646827514]",1.0
46,1.0
"[156827009.497755, -1228.1271403189348, 259.0620759450641, 10229796400322.156, 1581.8807890389355, -1273.9642946373442, 5488.401815397456, 455.9550308999841, -28117.23389766008, -9163.352263017876, 3979.1931758626047, -12.22029077028653, -288.97962648504136, -4.431852834360524, -967.4533496529292]",1.0
46,1.0
47,1.0
"[156937810.85640383, -1428.6582301123203, 2573.2937299507353, 10667089236570.125, 1688.2809406771953, -2014.78982619557, 2687.630825103003, 1048.8786280526563, -41930.20027149684, -11454.668556728733, 4217.945012593158, -16.84895566404286, -228.25758377206367, 7.685555324339642, -1591.654650256914]",1.0
47,1.0
"[156896826.4632721, -685.2139813922563, 437.5122990492773, 8682844547451.247, 1082.7907124498909, -1208.593270720796, 5641.384088137556, 964.6084897128303, -34385.325916165224, -10125.875195738949, 4205.645547179006, -1.4930731443240326, -410.00226898588346, -23.77525753665535, -386.20634197148496]",1.0
47,1.0
"[156896826.4632721, -826.5370800510175, 4463.638017350019, 8870561763871.17, 1438.9574532644112, -1458.2265122007777, 2705.4581542083006, 564.1759461555789, -18454.53590140872, -5409.646019478476, 2972.5971606911, -7.998993070669816, -183.97246080589173, 3.606612197489549, -1156.5819459373947]",1.0
47,1.0
"[156896826.4632721, -1302.6260883212926, 1567.449089288736, 10063586495018.055, 1642.7457135266516, -1723.278582817849, 4216.854510829713, 993.8144006296689, -47779.31739544515, -9910.56311254649, 4132.8195573467165, -16.82759976427753, -336.8082629458522, -9.649080173418742, -1259.5997487627112]",1.0
47,1.0
"[156896826.4632721, -1459.6122986633388, 3900.572345727228, 12541366923609.102, 1734.442734243474, -402.845544266392, 2020.7244367084377, 357.98684281950085, 529.4433204974412, -4861.996295983127, -552.0957493443398, -10.654981475504908, -575.4179764354781, -2.5955223243881527, -855.9494509472347]",1.0
47,1.0
"[156884490.6587413, -860.7367118770461, 2979.8930964002675, 6018954798240.172, 1671.6304506025901, -1486.195964780995, 2988.444671980732, 281.87770963484763, -17176.965305158985, -11941.310108683987, 4445.424926987679, -11.69983573578705, -473.42343371591573, -18.179400708270375, -740.1165063680332]",1.0
47,1.0
"[156849582.17598274, -823.487237875865, 2325.6995897283946, 6102059750892.228, 1641.1979883587303, -1261.5388206907298, 3624.2183242646397, 12.948024769989928, -7345.9235562658905, -11567.70468391966, 4368.611736245619, -9.396181238791419, -449.50911548550897, -15.570787038741116, -594.043306813134]",1.0
47,1.0
"[156838593.2969055, -586.1274226103303, 3836.9722380989324, 7400129142831.231, 1734.442734243474, -1493.7636428200688, 3108.812780143887, -245.8920499404876, -39727.22887319149, -3145.5903376945794, 2398.5883946116555, -3.369217036188135, -583.5280572147574, -14.430279083983194, -956.6478646827514]",1.0
47,1.0
"[156827009.497755, -1228.1271403189348, 259.0620759450641, 10229796400322.156, 1581.8807890389355, -1273.9642946373442, 5488.401815397456, 455.9550308999841, -28117.23389766008, -9163.352263017876, 3979.1931758626047, -12.22029077028653, -288.97962648504136, -4.431852834360524, -967.4533496529292]",1.0
47,1.0
47,1.0
"[156937810.85640383, -1428.6582301123203, 2573.2937299507353, 10667089236570.125, 1688.2809406771953, -2014.78982619557, 2687.630825103003, 1048.8786280526563, -41930.20027149684, -11454.668556728733, 4217.945012593158, -16.84895566404286, -228.25758377206367, 7.685555324339642, -1591.654650256914]",1.0
47,1.0
"[156896826.4632721, -685.2139813922563, 437.5122990492773, 8682844547451.247, 1082.7907124498909, -1208.593270720796, 5641.384088137556, 964.6084897128303, -34385.325916165224, -10125.875195738949, 4205.645547179006, -1.4930731443240326, -410.00226898588346, -23.77525753665535, -386.20634197148496]",1.0
47,1.0
"[156896826.4632721, -685.2139813922563, 437.5122990492773, 8682844547451.247, 1082.7907124498909, -1208.593270720796, 5641.384088137556, 964.6084897128303, -34385.325916165224, -10125.875195738949, 4205.645547179006, -1.4930731443240326, -410.00226898588346, -23.77525753665535, -386.20634197148496]",1.0
47,1.0
"[156896826.4632721, -826.5370800510175, 4463.638017350019, 8870561763871.17, 1438.9574532644112, -1458.2265122007777, 2705.4581542083006, 564.1759461555789, -18454.53590140872, -5409.646019478476, 2972.5971606911, -7.998993070669816, -183.97246080589173, 3.606612197489549, -1156.5819459373947]",1.0
47,1.0
"[156896826.4632721, -826.5370800510175, 4463.638017350019, 8870561763871.17, 1438.9574532644112, -1458.2265122007777, 2705.4581542083006, 564.1759461555789, -18454.53590140872, -5409.646019478476, 2972.5971606911, -7.998993070669816, -183.97246080589173, 3.606612197489549, -1156.5819459373947]",1.0
47,1.0
"[156896826.4632721, -1302.6260883212926, 1567.449089288736, 10063586495018.055, 1642.7457135266516, -1723.278582817849, 4216.854510829713, 993.8144006296689, -47779.31739544515, -9910.56311254649, 4132.8195573467165, -16.82759976427753, -336.8082629458522, -9.649080173418742, -1259.5997487627112]",1.0
47,1.0
"[156896826.4632721, -1302.6260883212926, 1567.449089288736, 10063586495018.055, 1642.7457135266516, -1723.278582817849, 4216.854510829713, 993.8144006296689, -47779.31739544515, -9910.56311254649, 4132.8195573467165, -16.82759976427753, -336.8082629458522, -9.649080173418742, -1259.5997487627112]",1.0
47,1.0
"[156896826.4632721, -1459.6122986633388, 3900.572345727228, 12541366923609.102, 1734.442734243474, -402.845544266392, 2020.7244367084377, 357.98684281950085, 529.4433204974412, -4861.996295983127, -552.0957493443398, -10.654981475504908, -575.4179764354781, -2.5955223243881527, -855.9494509472347]",1.0
47,1.0
"[156896826.4632721, -1459.6122986633388, 3900.572345727228, 12541366923609.102, 1734.442734243474, -402.845544266392, 2020.7244367084377, 357.98684281950085, 529.4433204974412, -4861.996295983127, -552.0957493443398, -10.654981475504908, -575.4179764354781, -2.5955223243881527, -855.9494509472347]",1.0
47,1.0
47,1.0
"[156937810.85640383, -1428.6582301123203, 2573.2937299507353, 10667089236570.125, 1688.2809406771953, -2014.78982619557, 2687.630825103003, 1048.8786280526563, -41930.20027149684, -11454.668556728733, 4217.945012593158, -16.84895566404286, -228.25758377206367, 7.685555324339642, -1591.654650256914]",1.0
47,1.0
"[156896826.4632721, -685.2139813922563, 437.5122990492773, 8682844547451.247, 1082.7907124498909, -1208.593270720796, 5641.384088137556, 964.6084897128303, -34385.325916165224, -10125.875195738949, 4205.645547179006, -1.4930731443240326, -410.00226898588346, -23.77525753665535, -386.20634197148496]",1.0
47,1.0
"[156896826.4632721, -685.2139813922563, 437.5122990492773, 8682844547451.247, 1082.7907124498909, -1208.593270720796, 5641.384088137556, 964.6084897128303, -34385.325916165224, -10125.875195738949, 4205.645547179006, -1.4930731443240326, -410.00226898588346, -23.77525753665535, -386.20634197148496]",1.0
47,1.0
"[156896826.4632721, -826.5370800510175, 4463.638017350019, 8870561763871.17, 1438.9574532644112, -1458.2265122007777, 2705.4581542083006, 564.1759461555789, -18454.53590140872, -5409.646019478476, 2972.5971606911, -7.998993070669816, -183.97246080589173, 3.606612197489549, -1156.5819459373947]",1.0
47,1.0
"[156896826.4632721, -826.5370800510175, 4463.638017350019, 8870561763871.17, 1438.9574532644112, -1458.2265122007777, 2705.4581542083006, 564.1759461555789, -18454.53590140872, -5409.646019478476, 2972.5971606911, -7.998993070669816, -183.97246080589173, 3.606612197489549, -1156.5819459373947]",1.0
47,1.0
"[156896826.4632721, -1302.6260883212926, 1567.449089288736, 10063586495018.055, 1642.7457135266516, -1723.278582817849, 4216.854510829713, 993.8144006296689, -47779.31739544515, -9910.56311254649, 4132.8195573467165, -16.82759976427753, -336.8082629458522, -9.649080173418742, -1259.5997487627112]",1.0
47,1.0
"[156896826.4632721, -1302.6260883212926, 1567.449089288736, 10063586495018.055, 1642.7457135266516, -1723.278582817849, 4216.854510829713, 993.8144006296689, -47779.31739544515, -9910.56311254649, 4132.8195573467165, -16.82759976427753, -336.8082629458522, -9.649080173418742, -1259.5997487627112]",1.0
47,1.0
"[156896826.4632721, -1459.6122986633388, 3900.572345727228, 12541366923609.102, 1734.442734243474, -402.845544266392, 2020.7244367084377, 357.98684281950085, 529.4433204974412, -4861.996295983127, -552.0957493443398, -10.654981475504908, -575.4179764354781, -2.5955223243881527, -855.9494509472347]",1.0
47,1.0
"[156896826.4632721, -1459.6122986633388, 3900.572345727228, 12541366923609.102, 1734.442734243474, -402.845544266392, 2020.7244367084377, 357.98684281950085, 529.4433204974412, -4861.996295983127, -552.0957493443398, -10.654981475504908, -575.4179764354781, -2.5955223243881527, -855.9494509472347]",1.0
47,1.0
48,1.0
"[156937810.85640383, -1428.6582301123203, 2573.2937299507353, 10667089236570.125, 1688.2809406771953, -2014.78982619557, 2687.630825103003, 1048.8786280526563, -41930.20027149684, -11454.668556728733, 4217.945012593158, -16.84895566404286, -228.25758377206367, 7.685555324339642, -1591.654650256914]",1.0
48,1.0
"[156896826.4632721, -685.2139813922563, 437.5122990492773, 8682844547451.247, 1082.7907124498909, -1208.593270720796, 5641.384088137556, 964.6084897128303, -34385.325916165224, -10125.875195738949, 4205.645547179006, -1.4930731443240326, -410.00226898588346, -23.77525753665535, -386.20634197148496]",1.0
48,1.0
"[156896826.4632721, -685.2139813922563, 437.5122990492773, 8682844547451.247, 1082.7907124498909, -1208.593270720796, 5641.384088137556, 964.6084897128303, -34385.325916165224, -10125.875195738949, 4205.645547179006, -1.4930731443240326, -410.00226898588346, -23.77525753665535, -386.20634197148496]",1.0
48,1.0
"[156896826.4632721, -826.5370800510175, 4463.638017350019, 8870561763871.17, 1438.9574532644112, -1458.2265122007777, 2705.4581542083006, 564.1759461555789, -18454.53590140872, -5409.646019478476, 2972.5971606911, -7.998993070669816, -183.97246080589173, 3.606612197489549, -1156.5819459373947]",1.0
48,1.0
"[156896826.4632721, -826.5370800510175, 4463.638017350019, 8870561763871.17, 1438.9574532644112, -1458.2265122007777, 2705.4581542083006, 564.1759461555789, -18454.53590140872, -5409.646019478476, 2972.5971606911, -7.998993070669816, -183.97246080589173, 3.606612197489549, -1156.5819459373947]",1.0
48,1.0
"[156896826.4632721, -1302.6260883212926, 1567.449089288736, 10063586495018.055, 1642.7457135266516, -1723.278582817849, 4216.854510829713, 993.8144006296689, -47779.31739544515, -9910.56311254649, 4132.8195573467165, -16.82759976427753, -336.8082629458522, -9.649080173418742, -1259.5997487627112]",1.0
48,1.0
"[156896826.4632721, -1302.6260883212926, 1567.449089288736, 10063586495018.055, 1642.7457135266516, -1723.278582817849, 4216.854510829713, 993.8144006296689, -47779.31739544515, -9910.56311254649, 4132.8195573467165, -16.82759976427753, -336.8082629458522, -9.649080173418742, -1259.5997487627112]",1.0
48,1.0
"[156896826.4632721, -1459.6122986633388, 3900.572345727228, 12541366923609.102, 1734.442734243474, -402.845544266392, 2020.7244367084377, 357.98684281950085, 529.4433204974412, -4861.996295983127, -552.0957493443398, -10.654981475504908, -575.4179764354781, -2.5955223243881527, -855.9494509472347]",1.0
48,1.0
"[156896826.4632721, -1459.6122986633388, 3900.572345727228, 12541366923609.102, 1734.442734243474, -402.845544266392, 2020.7244367084377, 357.98684281950085, 529.4433204974412, -4861.996295983127, -552.0957493443398, -10.654981475504908, -575.4179764354781, -2.5955223243881527, -855.9494509472347]",1.0
48,1.0
48,1.0
"[157122916.42286727, -1715.1671828403516, 2573.2937299507353, 7276414400507.642, 2325.8306625459563, -793.8352978042644, 8376.73649243827, 150.6616900944673, -14119.568417331622, -12483.834688008588, 4500.656976219011, -2.7767889193913504, -312.7282074894993, -9.649080173418742, -474.80734427071815]",1.0
48,1.0
"[156937810.85640383, -1428.6582301123203, 2573.2937299507353, 10667089236570.125, 1688.2809406771953, -2014.78982619557, 2687.630825103003, 1048.8786280526563, -41930.20027149684, -11454.668556728733, 4217.945012593158, -16.84895566404286, -228.25758377206367, 7.685555324339642, -1591.654650256914]",1.0
48,1.0
"[156928574.83049515, -661.2355578921996, 3435.4678852330726, 7418661375964.054, 2252.2750381374544, -1833.1096375951265, -267.38662497577207, 629.4554121550241, -17655.869582178868, -14808.623449871257, 7900.735170494672, -21.647088613719227, -359.8369073209871, 6.766346290830201, -1493.6089684205215]",1.0
48,1.0
"[156896826.4632721, -685.2139813922563, 437.5122990492773, 8682844547451.247, 1082.7907124498909, -1208.593270720796, 5641.384088137556, 964.6084897128303, -34385.325916165224, -10125.875195738949, 4205.645547179006, -1.4930731443240326, -410.00226898588346, -23.77525753665535, -386.20634197148496]",1.0
48,1.0
"[156896826.4632721, -685.2139813922563, 437.5122990492773, 8682844547451.247, 1082.7907124498909, -1208.593270720796, 5641.384088137556, 964.6084897128303, -34385.325916165224, -10125.875195738949, 4205.645547179006, -1.4930731443240326, -410.00226898588346, -23.77525753665535, -386.20634197148496]",1.0
48,1.0
"[156896826.4632721, -826.5370800510175, 4463.638017350019, 8870561763871.17, 1438.9574532644112, -1458.2265122007777, 2705.4581542083006, 564.1759461555789, -18454.53590140872, -5409.646019478476, 2972.5971606911, -7.998993070669816, -183.97246080589173, 3.606612197489549, -1156.5819459373947]",1.0
48,1.0
"[156896826.4632721, -826.5370800510175, 4463.638017350019, 8870561763871.17, 1438.9574532644112, -1458.2265122007777, 2705.4581542083006, 564.1759461555789, -18454.53590140872, -5409.646019478476, 2972.5971606911, -7.998993070669816, -183.97246080589173, 3.606612197489549, -1156.5819459373947]",1.0
48,1.0
"[156896826.4632721, -1302.6260883212926, 1567.449089288736, 10063586495018.055, 1642.7457135266516, -1723.278582817849, 4216.854510829713, 993.8144006296689, -47779.31739544515, -9910.56311254649, 4132.8195573467165, -16.82759976427753, -336.8082629458522, -9.649080173418742, -1259.5997487627112]",1.0
48,1.0
"[156896826.4632721, -1302.6260883212926, 1567.449089288736, 10063586495018.055, 1642.7457135266516, -1723.278582817849, 4216.854510829713, 993.8144006296689, -47779.31739544515, -9910.56311254649, 4132.8195573467165, -16.82759976427753, -336.8082629458522, -9.649080173418742, -1259.5997487627112]",1.0
48,1.0
48,1.0
"[157122916.42286727, -1715.1671828403516, 2573.2937299507353, 7276414400507.642, 2325.8306625459563, -793.8352978042644, 8376.73649243827, 150.6616900944673, -14119.568417331622, -12483.834688008588, 4500.656976219011, -2.7767889193913504, -312.7282074894993, -9.649080173418742, -474.80734427071815]",1.0
48,1.0
"[157089669.63699263, -1997.5948983524493, 3108.397659197167, 7686271229124.898, 2600.10239769127, -329.0498244049195, 9628.081109478255, 576.9890734918117, -18209.153483155274, -12332.494637095533, 4409.753927358871, -3.935286101048864, -322.69198440860924, -7.511080276062808, -378.89077830969603]",1.0
48,1.0
"[157042757.74411693, -1467.5757023637707, 92.97498614169808, 8861099938148.63, 1814.884428357696, -1850.8289209341929, 5814.717013501673, 365.3524278672147, -41566.59071954209, -13597.356563399906, 4986.76687975043, -13.07056174096333, -391.3303935832275, -18.391744571033072, -1013.5890196228943]",1.0
48,1.0
"[156983123.11627406, -2432.9583309589298, 2708.6899962869034, 10698466374995.941, 2675.4002631742005, -756.6646508973715, 7994.876228270243, 1697.0426453766222, -47965.645642130985, -14650.310753399703, 4791.793870737853, -16.58346967720949, -311.85732968605646, 5.40636039976768, -1062.6708706330926]",1.0
48,1.0
"[156937810.85640383, -1428.6582301123203, 2573.2937299507353, 10667089236570.125, 1688.2809406771953, -2014.78982619557, 2687.630825103003, 1048.8786280526563, -41930.20027149684, -11454.668556728733, 4217.945012593158, -16.84895566404286, -228.25758377206367, 7.685555324339642, -1591.654650256914]",1.0
48,1.0
"[156928574.83049515, -661.2355578921996, 3435.4678852330726, 7418661375964.054, 2252.2750381374544, -1833.1096375951265, -267.38662497577207, 629.4554121550241, -17655.869582178868, -14808.623449871257, 7900.735170494672, -21.647088613719227, -359.8369073209871, 6.766346290830201, -1493.6089684205215]",1.0
48,1.0
"[156917318.65983796, -1674.348212681325, 2635.3398047394667, 11055708839577.494, 1945.4908276403041, -2126.3768605552364, 2739.977879312434, 1035.949469799582, -51551.754573110964, -10574.959793041384, 4138.969290053793, -24.505541024136953, -245.9359203389422, 6.081326257078775, -1862.3239029054266]",1.0
48,1.0
"[156912700.64688364, -505.8418148364705, 5397.647415322189, 7548099204344.168, 1743.722115569813, -1513.1420395894165, 463.33758630555485, 381.9964519182563, -3392.8119947755586, -7858.676188140862, 4856.55496726508, -10.408737495390668, -195.4867829934592, 11.814325429614032, -1273.5865557663]",1.0
48,1.0
"[156896826.4632721, -685.2139813922563, 437.5122990492773, 8682844547451.247, 1082.7907124498909, -1208.593270720796, 5641.384088137556, 964.6084897128303, -34385.325916165224, -10125.875195738949, 4205.645547179006, -1.4930731443240326, -410.00226898588346, -23.77525753665535, -386.20634197148496]",1.0
48,1.0
49,1.0
"[157122916.42286727, -1715.1671828403516, 2573.2937299507353, 7276414400507.642, 2325.8306625459563, -793.8352978042644, 8376.73649243827, 150.6616900944673, -14119.568417331622, -12483.834688008588, 4500.656976219011, -2.7767889193913504, -312.7282074894993, -9.649080173418742, -474.80734427071815]",1.0
49,1.0
"[157089669.63699263, -1997.5948983524493, 3108.397659197167, 7686271229124.898, 2600.10239769127, -329.0498244049195, 9628.081109478255, 576.9890734918117, -18209.153483155274, -12332.494637095533, 4409.753927358871, -3.935286101048864, -322.69198440860924, -7.511080276062808, -378.89077830969603]",1.0
49,1.0
"[157042757.74411693, -1467.5757023637707, 92.97498614169808, 8861099938148.63, 1814.884428357696, -1850.8289209341929, 5814.717013501673, 365.3524278672147, -41566.59071954209, -13597.356563399906, 4986.76687975043, -13.07056174096333, -391.3303935832275, -18.391744571033072, -1013.5890196228943]",1.0
49,1.0
"[156983123.11627406, -2432.9583309589298, 2708.6899962869034, 10698466374995.941, 2675.4002631742005, -756.6646508973715, 7994.876228270243, 1697.0426453766222, -47965.645642130985, -14650.310753399703, 4791.793870737853, -16.58346967720949, -311.85732968605646, 5.40636039976768, -1062.6708706330926]",1.0
49,1.0
"[156937810.85640383, -1428.6582301123203, 2573.2937299507353, 10667089236570.125, 1688.2809406771953, -2014.78982619557, 2687.630825103003, 1048.8786280526563, -41930.20027149684, -11454.668556728733, 4217.945012593158, -16.84895566404286, -228.25758377206367, 7.685555324339642, -1591.654650256914]",1.0
49,1.0
"[156928574.83049515, -661.2355578921996, 3435.4678852330726, 7418661375964.054, 2252.2750381374544, -1833.1096375951265, -267.38662497577207, 629.4554121550241, -17655.869582178868, -14808.623449871257, 7900.735170494672, -21.647088613719227, -359.8369073209871, 6.766346290830201, -1493.6089684205215]",1.0
49,1.0
"[156917318.65983796, -1674.348212681325, 2635.3398047394667, 11055708839577.494, 1945.4908276403041, -2126.3768605552364, 2739.977879312434, 1035.949469799582, -51551.754573110964, -10574.959793041384, 4138.969290053793, -24.505541024136953, -245.9359203389422, 6.081326257078775, -1862.3239029054266]",1.0
49,1.0
"[156912700.64688364, -505.8418148364705, 5397.647415322189, 7548099204344.168, 1743.722115569813, -1513.1420395894165, 463.33758630555485, 381.9964519182563, -3392.8119947755586, -7858.676188140862, 4856.55496726508, -10.408737495390668, -195.4867829934592, 11.814325429614032, -1273.5865557663]",1.0
49,1.0
"[156896826.4632721, -685.2139813922563, 437.5122990492773, 8682844547451.247, 1082.7907124498909, -1208.593270720796, 5641.384088137556, 964.6084897128303, -34385.325916165224, -10125.875195738949, 4205.645547179006, -1.4930731443240326, -410.00226898588346, -23.77525753665535, -386.20634197148496]",1.0
49,1.0
49,1.0
"[157122916.42286727, -1715.1671828403516, 2573.2937299507353, 7276414400507.642, 2325.8306625459563, -793.8352978042644, 8376.73649243827, 150.6616900944673, -14119.568417331622, -12483.834688008588, 4500.656976219011, -2.7767889193913504, -312.7282074894993, -9.649080173418742, -474.80734427071815]",1.0
49,1.0
"[157089669.63699263, -1997.5948983524493, 3108.397659197167, 7686271229124.898, 2600.10239769127, -329.0498244049195, 9628.081109478255, 576.9890734918117, -18209.153483155274, -12332.494637095533, 4409.753927358871, -3.935286101048864, -322.69198440860924, -7.511080276062808, -378.89077830969603]",1.0
49,1.0
"[157042757.74411693, -1467.5757023637707, 92.97498614169808, 8861099938148.63, 1814.884428357696, -1850.8289209341929, 5814.717013501673, 365.3524278672147, -41566.59071954209, -13597.356563399906, 4986.76687975043, -13.07056174096333, -391.3303935832275, -18.391744571033072, -1013.5890196228943]",1.0
49,1.0
"[157042757.74411693, -1467.5757023637707, 92.97498614169808, 8861099938148.63, 1814.884428357696, -1850.8289209341929, 5814.717013501673, 365.3524278672147, -41566.59071954209, -13597.356563399906, 4986.76687975043, -13.07056174096333, -391.3303935832275, -18.391744571033072, -1013.5890196228943]",1.0
49,1.0
"[156983123.11627406, -2432.9583309589298, 2708.6899962869034, 10698466374995.941, 2675.4002631742005, -756.6646508973715, 7994.876228270243, 1697.0426453766222, -47965.645642130985, -14650.310753399703, 4791.793870737853, -16.58346967720949, -311.85732968605646, 5.40636039976768, -1062.6708706330926]",1.0
49,1.0
"[156983123.11627406, -2432.9583309589298, 2708.6899962869034, 10698466374995.941, 2675.4002631742005, -756.6646508973715, 7994.876228270243, 1697.0426453766222, -47965.645642130985, -14650.310753399703, 4791.793870737853, -16.58346967720949, -311.85732968605646, 5.40636039976768, -1062.6708706330926]",1.0
49,1.0
"[156955779.24228328, -813.4758701459327, 3332.887755032114, 10353815838268.498, 2181.8865194465693, -2318.6727508290073, 5455.324293716596, -692.7479993693278, -22360.57220315076, -12032.784658536746, 4253.635365039181, -5.596618991307313, -332.2247789537859, -19.875225080045233, -549.0939577809526]",1.0
49,1.0
"[156937810.85640383, -1428.6582301123203, 2573.2937299507353, 10667089236570.125, 1688.2809406771953, -2014.78982619557, 2687.630825103003, 1048.8786280526563, -41930.20027149684, -11454.668556728733, 4217.945012593158, -16.84895566404286, -228.25758377206367, 7.685555324339642, -1591.654650256914]",1.0
49,1.0
"[156937810.85640383, -1428.6582301123203, 2573.2937299507353, 10667089236570.125, 1688.2809406771953, -2014.78982619557, 2687.630825103003, 1048.8786280526563, -41930.20027149684, -11454.668556728733, 4217.945012593158, -16.84895566404286, -228.25758377206367, 7.685555324339642, -1591.654650256914]",1.0
49,1.0
49,1.0
"[157122916.42286727, -1715.1671828403516, 2573.2937299507353, 7276414400507.642, 2325.8306625459563, -793.8352978042644, 8376.73649243827, 150.6616900944673, -14119.568417331622, -12483.834688008588, 4500.656976219011, -2.7767889193913504, -312.7282074894993, -9.649080173418742, -474.80734427071815]",1.0
49,1.0
"[157089669.63699263, -1997.5948983524493, 3108.397659197167, 7686271229124.898, 2600.10239769127, -329.0498244049195, 9628.081109478255, 576.9890734918117, -18209.153483155274, -12332.494637095533, 4409.753927358871, -3.935286101048864, -322.69198440860924, -7.511080276062808, -378.89077830969603]",1.0
49,1.0
"[157042757.74411693, -1467.5757023637707, 92.97498614169808, 8861099938148.63, 1814.884428357696, -1850.8289209341929, 5814.717013501673, 365.3524278672147, -41566.59071954209, -13597.356563399906, 4986.76687975043, -13.07056174096333, -391.3303935832275, -18.391744571033072, -1013.5890196228943]",1.0
49,1.0
"[157042757.74411693, -1467.5757023637707, 92.97498614169808, 8861099938148.63, 1814.884428357696, -1850.8289209341929, 5814.717013501673, 365.3524278672147, -41566.59071954209, -13597.356563399906, 4986.76687975043, -13.07056174096333, -391.3303935832275, -18.391744571033072, -1013.5890196228943]",1.0
49,1.0
"[156983123.11627406, -2432.9583309589298, 2708.6899962869034, 10698466374995.941, 2675.4002631742005, -756.6646508973715, 7994.876228270243, 1697.0426453766222, -47965.645642130985, -14650.310753399703, 4791.793870737853, -16.58346967720949, -311.85732968605646, 5.40636039976768, -1062.6708706330926]",1.0
49,1.0
"[156983123.11627406, -2432.9583309589298, 2708.6899962869034, 10698466374995.941, 2675.4002631742005, -756.6646508973715, 7994.876228270243, 1697.0426453766222, -47965.645642130985, -14650.310753399703, 4791.793870737853, -16.58346967720949, -311.85732968605646, 5.40636039976768, -1062.6708706330926]",1.0
49,1.0
"[156955779.24228328, -813.4758701459327, 3332.887755032114, 10353815838268.498, 2181.8865194465693, -2318.6727508290073, 5455.324293716596, -692.7479993693278, -22360.57220315076, -12032.784658536746, 4253.635365039181, -5.596618991307313, -332.2247789537859, -19.875225080045233, -549.0939577809526]",1.0
49,1.0
"[156937810.85640383, -1428.6582301123203, 2573.2937299507353, 10667089236570.125, 1688.2809406771953, -2014.78982619557, 2687.630825103003, 1048.8786280526563, -41930.20027149684, -11454.668556728733, 4217.945012593158, -16.84895566404286, -228.25758377206367, 7.685555324339642, -1591.654650256914]",1.0
49,1.0
"[156937810.85640383, -1428.6582301123203, 2573.2937299507353, 10667089236570.125, 1688.2809406771953, -2014.78982619557, 2687.630825103003, 1048.8786280526563, -41930.20027149684, -11454.668556728733, 4217.945012593158, -16.84895566404286, -228.25758377206367, 7.685555324339642, -1591.654650256914]",1.0
49,1.0
50,1.0
"[157122916.42286727, -1715.1671828403516, 2573.2937299507353, 7276414400507.642, 2325.8306625459563, -793.8352978042644, 8376.73649243827, 150.6616900944673, -14119.568417331622, -12483.834688008588, 4500.656976219011, -2.7767889193913504, -312.7282074894993, -9.649080173418742, -474.80734427071815]",1.0
50,1.0
"[157089669.63699263, -1997.5948983524493, 3108.397659197167, 7686271229124.898, 2600.10239769127, -329.0498244049195, 9628.081109478255, 576.9890734918117, -18209.153483155274, -12332.494637095533, 4409.753927358871, -3.935286101048864, -322.69198440860924, -7.511080276062808, -378.89077830969603]",1.0
50,1.0
"[157042757.74411693, -1467.5757023637707, 92.97498614169808, 8861099938148.63, 1814.884428357696, -1850.8289209341929, 5814.717013501673, 365.3524278672147, -41566.59071954209, -13597.356563399906, 4986.76687975043, -13.07056174096333, -391.3303935832275, -18.391744571033072, -1013.5890196228943]",1.0
50,1.0
"[157042757.74411693, -1467.5757023637707, 92.97498614169808, 8861099938148.63, 1814.884428357696, -1850.8289209341929, 5814.717013501673, 365.3524278672147, -41566.59071954209, -13597.356563399906, 4986.76687975043, -13.07056174096333, -391.3303935832275, -18.391744571033072, -1013.5890196228943]",1.0
50,1.0
"[156983123.11627406, -2432.9583309589298, 2708.6899962869034, 10698466374995.941, 2675.4002631742005, -756.6646508973715, 7994.876228270243, 1697.0426453766222, -47965.645642130985, -14650.310753399703, 4791.793870737853, -16.58346967720949, -311.85732968605646, 5.40636039976768, -1062.6708706330926]",1.0
50,1.0
"[156983123.11627406, -2432.9583309589298, 2708.6899962869034, 10698466374995.941, 2675.4002631742005, -756.6646508973715, 7994.876228270243, 1697.0426453766222, -47965.645642130985, -14650.310753399703, 4791.793870737853, -16.58346967720949, -311.85732968605646, 5.40636039976768, -1062.6708706330926]",1.0
50,1.0
"[156955779.24228328, -813.4758701459327, 3332.887755032114, 10353815838268.498, 2181.8865194465693, -2318.6727508290073, 5455.324293716596, -692.7479993693278, -22360.57220315076, -12032.784658536746, 4253.635365039181, -5.596618991307313, -332.2247789537859, -19.875225080045233, -549.0939577809526]",1.0
50,1.0
"[156937810.85640383, -1428.6582301123203, 2573.2937299507353, 10667089236570.125, 1688.2809406771953, -2014.78982619557, 2687.630825103003, 1048.8786280526563, -41930.20027149684, -11454.668556728733, 4217.945012593158, -16.84895566404286, -228.25758377206367, 7.685555324339642, -1591.654650256914]",1.0
50,1.0
"[156937810.85640383, -1428.6582301123203, 2573.2937299507353, 10667089236570.125, 1688.2809406771953, -2014.78982619557, 2687.630825103003, 1048.8786280526563, -41930.20027149684, -11454.668556728733, 4217.945012593158, -16.84895566404286, -228.25758377206367, 7.685555324339642, -1591.654650256914]",1.0
50,1.0
50,1.0
"[157122916.42286727, -1715.1671828403516, 2573.2937299507353, 7276414400507.642, 2325.8306625459563, -793.8352978042644, 8376.73649243827, 150.6616900944673, -14119.568417331622, -12483.834688008588, 4500.656976219011, -2.7767889193913504, -312.7282074894993, -9.649080173418742, -474.80734427071815]",1.0
50,1.0
"[157122916.42286727, -1715.1671828403516, 2573.2937299507353, 7276414400507.642, 2325.8306625459563, -793.8352978042644, 8376.73649243827, 150.6616900944673, -14119.568417331622, -12483.834688008588, 4500.656976219011, -2.7767889193913504, -312.7282074894993, -9.649080173418742, -474.80734427071815]",1.0
50,1.0
"[157089669.63699263, -1997.5948983524493, 3108.397659197167, 7686271229124.898, 2600.10239769127, -329.0498244049195, 9628.081109478255, 576.9890734918117, -18209.153483155274, -12332.494637095533, 4409.753927358871, -3.935286101048864, -322.69198440860924, -7.511080276062808, -378.89077830969603]",1.0
50,1.0
"[157089669.63699263, -1997.5948983524493, 3108.397659197167, 7686271229124.898, 2600.10239769127, -329.0498244049195, 9628.081109478255, 576.9890734918117, -18209.153483155274, -12332.494637095533, 4409.753927358871, -3.935286101048864, -322.69198440860924, -7.511080276062808, -378.89077830969603]",1.0
50,1.0
"[157042757.74411693, -1467.5757023637707, 92.97498614169808, 8861099938148.63, 1814.884428357696, -1850.8289209341929, 5814.717013501673, 365.3524278672147, -41566.59071954209, -13597.356563399906, 4986.76687975043, -13.07056174096333, -391.3303935832275, -18.391744571033072, -1013.5890196228943]",1.0
50,1.0
"[157042757.74411693, -1467.5757023637707, 92.97498614169808, 8861099938148.63, 1814.884428357696, -1850.8289209341929, 5814.717013501673, 365.3524278672147, -41566.59071954209, -13597.356563399906, 4986.76687975043, -13.07056174096333, -391.3303935832275, -18.391744571033072, -1013.5890196228943]",1.0
50,1.0
"[157042757.74411693, -1467.5757023637707, 92.97498614169808, 8861099938148.63, 1814.884428357696, -1850.8289209341929, 5814.717013501673, 365.3524278672147, -41566.59071954209, -13597.356563399906, 4986.76687975043, -13.07056174096333, -391.3303935832275, -18.391744571033072, -1013.5890196228943]",1.0
50,1.0
"[157042757.74411693, -1467.5757023637707, 92.97498614169808, 8861099938148.63, 1814.884428357696, -1850.8289209341929, 5814.717013501673, 365.3524278672147, -41566.59071954209, -13597.356563399906, 4986.76687975043, -13.07056174096333, -391.3303935832275, -18.391744571033072, -1013.5890196228943]",1.0
50,1.0
"[157028850.5928034, -2554.610007170584, 2674.1779598153994, 6868979003939.054, 2233.595526354342, -237.8805385019678, 6100.710677862486, 804.7344884007994, -10025.608346689805, -11328.057280932806, 4209.554971847981, -13.557703444352924, -385.15889196836383, 7.255466843353489, -1680.0060902397624]",1.0
50,1.0
50,1.0
"[157147521.31662157, -1506.1513712172607, 2177.2802513466595, 6973092336214.583, 2122.8508338038455, -1137.808313260764, 7450.655954355967, -164.84971039387358, -11092.995971405408, -12595.836668817434, 4567.9314450227, -1.9194218290257563, -305.35433160836266, -11.23134621620304, -545.7921583711743]",1.0
50,1.0
"[157122916.42286727, -1715.1671828403516, 2573.2937299507353, 7276414400507.642, 2325.8306625459563, -793.8352978042644, 8376.73649243827, 150.6616900944673, -14119.568417331622, -12483.834688008588, 4500.656976219011, -2.7767889193913504, -312.7282074894993, -9.649080173418742, -474.80734427071815]",1.0
50,1.0
"[157122916.42286727, -1715.1671828403516, 2573.2937299507353, 7276414400507.642, 2325.8306625459563, -793.8352978042644, 8376.73649243827, 150.6616900944673, -14119.568417331622, -12483.834688008588, 4500.656976219011, -2.7767889193913504, -312.7282074894993, -9.649080173418742, -474.80734427071815]",1.0
50,1.0
"[157089669.63699263, -1997.5948983524493, 3108.397659197167, 7686271229124.898, 2600.10239769127, -329.0498244049195, 9628.081109478255, 576.9890734918117, -18209.153483155274, -12332.494637095533, 4409.753927358871, -3.935286101048864, -322.69198440860924, -7.511080276062808, -378.89077830969603]",1.0
50,1.0
"[157089669.63699263, -1997.5948983524493, 3108.397659197167, 7686271229124.898, 2600.10239769127, -329.0498244049195, 9628.081109478255, 576.9890734918117, -18209.153483155274, -12332.494637095533, 4409.753927358871, -3.935286101048864, -322.69198440860924, -7.511080276062808, -378.89077830969603]",1.0
50,1.0
"[157042757.74411693, -1467.5757023637707, 92.97498614169808, 8861099938148.63, 1814.884428357696, -1850.8289209341929, 5814.717013501673, 365.3524278672147, -41566.59071954209, -13597.356563399906, 4986.76687975043, -13.07056174096333, -391.3303935832275, -18.391744571033072, -1013.5890196228943]",1.0
50,1.0
"[157042757.74411693, -1467.5757023637707, 92.97498614169808, 8861099938148.63, 1814.884428357696, -1850.8289209341929, 5814.717013501673, 365.3524278672147, -41566.59071954209, -13597.356563399906, 4986.76687975043, -13.07056174096333, -391.3303935832275, -18.391744571033072, -1013.5890196228943]",1.0
50,1.0
"[157042757.74411693, -1467.5757023637707, 92.97498614169808, 8861099938148.63, 1814.884428357696, -1850.8289209341929, 5814.717013501673, 365.3524278672147, -41566.59071954209, -13597.356563399906, 4986.76687975043, -13.07056174096333, -391.3303935832275, -18.391744571033072, -1013.5890196228943]",1.0
50,1.0
"[157042757.74411693, -1467.5757023637707, 92.97498614169808, 8861099938148.63, 1814.884428357696, -1850.8289209341929, 5814.717013501673, 365.3524278672147, -41566.59071954209, -13597.356563399906, 4986.76687975043, -13.07056174096333, -391.3303935832275, -18.391744571033072, -1013.5890196228943]",1.0
50,1.0
